CaWO4_3CaCO3(40mg)_VL_260728
Température four	Temps	TG	
/°C	/s	/mg	
26.19	0	0.0031	
26.19	3	0.0031	
26.18	5	0.0031	
26.18	8	0.0031	
26.18	10	0.0031	
26.17	13	0.0031	
26.17	15	0.0031	
26.17	18	0.0031	
26.16	20	0.0031	
26.16	23	0.0031	
26.16	25	0.0031	
26.15	28	0.0031	
26.15	30	0.0031	
26.14	33	0.0031	
26.14	35	0.0031	
26.14	38	0.0031	
26.14	40	0.0031	
26.13	43	0.0031	
26.13	45	0.0031	
26.12	48	0.0031	
26.12	50	0.0031	
26.12	53	0.0031	
26.12	55	0.0031	
26.11	58	0.0031	
26.11	60	0.0031	
26.11	63	0.0031	
26.10	65	0.0031	
26.10	68	0.0031	
26.10	70	0.0031	
26.10	73	0.0031	
26.09	75	0.0031	
26.09	78	0.0031	
26.09	80	0.0031	
26.08	83	0.0031	
26.08	85	0.0031	
26.08	88	0.0031	
26.08	90	0.0031	
26.07	93	0.0031	
26.07	95	0.0031	
26.07	98	0.0031	
26.06	100	0.0031	
26.06	103	0.0031	
26.06	105	0.0031	
26.05	108	0.0031	
26.05	110	0.0031	
26.05	113	0.0031	
26.05	115	0.0031	
26.05	118	0.0031	
26.04	120	0.0031	
26.04	123	0.0031	
26.04	125	0.0031	
26.03	128	0.0031	
26.03	130	0.0031	
26.03	133	0.0031	
26.03	135	0.0031	
26.02	138	0.0031	
26.02	140	0.0031	
26.02	143	0.0031	
26.01	145	0.0031	
26.01	148	0.0031	
26.01	150	0.0031	
26.00	153	0.0031	
26.00	155	0.0031	
26.00	158	0.0031	
25.99	160	0.0031	
25.99	163	0.0031	
25.99	165	0.0031	
25.99	168	0.0031	
25.98	170	0.0031	
25.98	173	0.0031	
25.98	175	0.0031	
25.97	178	0.0031	
25.97	180	0.0031	
25.97	183	0.0031	
25.96	185	0.0031	
25.96	188	0.0031	
25.96	190	0.0031	
25.95	193	0.0031	
25.95	195	0.0031	
25.95	198	0.0031	
25.95	200	0.0031	
25.94	203	0.0031	
25.94	205	0.0031	
25.94	208	0.0031	
25.94	210	0.0031	
25.93	213	0.0031	
25.93	215	0.0031	
25.93	218	0.0031	
25.92	220	0.0031	
25.92	223	0.0031	
25.92	225	0.0031	
25.91	228	0.0031	
25.91	230	0.0031	
25.91	233	0.0031	
25.90	235	0.0031	
25.90	238	0.0031	
25.90	240	0.0031	
25.90	243	0.0031	
25.89	245	0.0031	
25.89	248	0.0031	
25.89	250	0.0031	
25.89	253	0.0031	
25.88	255	0.0031	
25.88	258	0.0031	
25.88	260	0.0031	
25.88	263	0.0031	
25.87	265	0.0031	
25.87	268	0.0031	
25.87	270	0.0031	
25.86	273	0.0031	
25.86	275	0.0031	
25.86	278	0.0031	
25.86	280	0.0031	
25.86	283	0.0031	
25.86	285	0.0031	
25.86	288	0.0031	
25.85	290	0.0031	
25.85	293	0.0031	
25.85	295	0.0031	
25.84	298	0.0031	
25.84	300	0.0031	
25.84	303	0.0031	
25.84	305	0.0031	
25.84	308	0.0031	
25.84	310	0.0031	
25.83	313	0.0031	
25.83	315	0.0031	
25.83	318	0.0031	
25.83	320	0.0031	
25.82	323	0.0031	
25.82	325	0.0031	
25.82	328	0.0031	
25.82	330	0.0031	
25.81	333	0.0031	
25.81	335	0.0031	
25.81	338	0.0031	
25.81	340	0.0031	
25.81	343	0.0031	
25.81	345	0.0031	
25.80	348	0.0031	
25.80	350	0.0031	
25.80	353	0.0031	
25.80	355	0.0031	
25.79	358	0.0031	
25.79	360	0.0031	
25.79	363	0.0031	
25.79	365	0.0031	
25.79	368	0.0031	
25.79	370	0.0031	
25.78	373	0.0031	
25.78	375	0.0031	
25.78	378	0.0031	
25.78	380	0.0031	
25.78	383	0.0031	
25.78	385	0.0031	
25.78	388	0.0031	
25.77	390	0.0031	
25.77	393	0.0031	
25.77	395	0.0031	
25.77	398	0.0031	
25.77	400	0.0031	
25.77	403	0.0031	
25.77	405	0.0031	
25.76	408	0.0031	
25.76	410	0.0031	
25.76	413	0.0031	
25.76	415	0.0031	
25.76	418	0.0031	
25.76	420	0.0031	
25.75	423	0.0031	
25.75	425	0.0031	
25.75	428	0.0031	
25.75	430	0.0031	
25.75	433	0.0031	
25.75	435	0.0031	
25.74	438	0.0031	
25.75	440	0.0031	
25.74	443	0.0031	
25.74	445	0.0031	
25.74	448	0.0031	
25.74	450	0.0031	
25.74	453	0.0031	
25.73	455	0.0031	
25.73	458	0.0031	
25.73	460	0.0031	
25.73	463	0.0031	
25.73	465	0.0031	
25.73	468	0.0031	
25.73	470	0.0031	
25.72	473	0.0031	
25.72	475	0.0031	
25.72	478	0.0031	
25.72	480	0.0031	
25.72	483	0.0031	
25.72	485	0.0031	
25.72	488	0.0031	
25.72	490	0.0031	
25.72	493	0.0031	
25.72	495	0.0031	
25.72	498	0.0031	
25.72	500	0.0031	
25.72	503	0.0031	
25.71	505	0.0031	
25.72	508	0.0031	
25.72	510	0.0031	
25.72	513	0.0031	
25.71	515	0.0031	
25.71	518	0.0031	
25.71	520	0.0031	
25.71	523	0.0031	
25.71	525	0.0031	
25.71	528	0.0031	
25.71	530	0.0031	
25.71	533	0.0031	
25.71	535	0.0031	
25.71	538	0.0031	
25.71	540	0.0031	
25.71	543	0.0031	
25.71	545	0.0031	
25.70	548	0.0031	
25.70	550	0.0031	
25.70	553	0.0031	
25.70	555	0.0031	
25.70	558	0.0031	
25.70	560	0.0031	
25.70	563	0.0031	
25.70	565	0.0031	
25.70	568	0.0031	
25.70	570	0.0031	
25.70	573	0.0031	
25.70	575	0.0031	
25.70	578	0.0031	
25.70	580	0.0031	
25.70	583	0.0031	
25.70	585	0.0031	
25.70	588	0.0031	
25.70	590	0.0031	
25.70	593	0.0031	
25.70	595	0.0031	
25.70	598	0.0031	
25.70	600	0.0031	
25.70	603	0.0031	
25.70	605	0.0031	
25.70	608	0.0031	
25.70	610	0.0031	
25.70	613	0.0031	
25.70	615	0.0031	
25.70	618	0.0031	
25.70	620	0.0031	
25.70	623	0.0031	
25.70	625	0.0031	
25.70	628	0.0031	
25.70	630	0.0031	
25.70	633	0.0031	
25.70	635	0.0031	
25.70	638	0.0031	
25.70	640	0.0031	
25.70	643	0.0031	
25.70	645	0.0031	
25.70	648	0.0031	
25.70	650	0.0031	
25.70	653	0.0031	
25.70	655	0.0031	
25.70	658	0.0031	
25.70	660	0.0031	
25.70	663	0.0031	
25.70	665	0.0031	
25.70	668	0.0031	
25.70	670	0.0031	
25.70	673	0.0031	
25.70	675	0.0031	
25.70	678	0.0031	
25.70	680	0.0031	
25.71	683	0.0031	
25.71	685	0.0031	
25.72	688	0.0031	
25.72	690	0.0031	
25.73	693	0.0031	
25.74	695	0.0031	
25.75	698	0.0031	
25.76	700	0.0031	
25.77	703	0.0031	
25.79	705	0.0031	
25.81	708	0.0031	
25.83	710	0.0031	
25.85	713	0.0031	
25.88	715	0.0031	
25.91	718	0.0031	
25.95	720	0.0031	
25.99	723	0.0031	
26.03	725	0.0031	
26.08	728	0.0031	
26.13	730	0.0031	
26.19	733	0.0031	
26.25	735	0.0031	
26.31	738	0.0031	
26.39	740	0.0031	
26.47	743	0.0031	
26.55	745	0.0031	
26.64	748	0.0031	
26.74	750	0.0031	
26.84	753	0.0031	
26.95	755	0.0031	
27.07	758	0.0031	
27.19	760	0.0031	
27.32	763	0.0031	
27.46	765	0.0031	
27.61	768	0.0031	
27.76	770	0.0031	
27.92	773	0.0031	
28.09	775	0.0031	
28.27	778	0.0031	
28.46	780	0.0031	
28.65	783	0.0031	
28.86	785	0.0031	
29.07	788	0.0031	
29.29	790	0.0031	
29.52	793	0.0031	
29.76	795	0.0031	
30.00	798	0.0031	
30.26	800	0.0031	
30.52	803	0.0031	
30.80	805	0.0031	
31.08	808	0.0031	
31.36	810	0.0031	
31.66	813	0.0031	
31.97	815	0.0031	
32.29	818	0.0031	
32.61	820	0.0031	
32.94	823	0.0031	
33.28	825	0.0031	
33.64	828	0.0031	
33.99	830	0.0031	
34.36	833	0.0031	
34.73	835	0.0031	
35.11	838	0.0031	
35.50	840	0.0031	
35.90	843	0.0031	
36.31	845	0.0031	
36.72	848	0.0031	
37.14	850	0.0031	
37.57	853	0.0031	
38.00	855	0.0031	
38.45	858	0.0031	
38.89	860	0.0031	
39.35	863	0.0031	
39.81	865	0.0031	
40.28	868	0.0031	
40.75	870	0.0031	
41.23	873	0.0031	
41.71	875	0.0031	
42.20	878	0.0031	
42.69	880	0.0031	
43.19	883	0.0031	
43.69	885	0.0031	
44.20	888	0.0031	
44.71	890	0.0031	
45.23	893	0.0031	
45.75	895	0.0031	
46.27	898	0.0031	
46.79	900	0.0031	
47.32	903	0.0031	
47.85	905	0.0031	
48.39	908	0.0031	
48.92	910	0.0031	
49.46	913	0.0031	
50.00	915	0.0042	
50.54	918	0.0042	
51.08	920	0.0042	
51.63	923	0.0042	
52.17	925	0.0042	
52.72	928	0.0042	
53.27	930	0.0042	
53.82	933	0.0042	
54.37	935	0.0042	
54.92	938	0.0042	
55.47	940	0.0042	
56.02	943	0.0042	
56.57	945	0.0043	
57.12	948	0.0043	
57.67	950	0.0043	
58.23	953	0.0043	
58.78	955	0.0043	
59.33	958	0.0043	
59.88	960	0.0043	
60.43	963	0.0043	
60.98	965	0.0043	
61.53	968	0.0043	
62.08	970	0.0043	
62.63	973	0.0043	
63.17	975	0.0043	
63.72	978	0.0043	
64.27	980	0.0043	
64.81	983	0.0043	
65.35	985	0.0043	
65.89	988	0.0044	
66.43	990	0.0044	
66.97	993	0.0043	
67.51	995	0.0042	
68.05	998	0.0042	
68.58	1000	0.0043	
69.12	1003	0.0043	
69.65	1005	0.0045	
70.18	1008	0.0045	
70.71	1010	0.0043	
71.24	1013	0.0043	
71.77	1015	0.0044	
72.30	1018	0.0044	
72.82	1020	0.0044	
73.34	1023	0.0044	
73.87	1025	0.0044	
74.39	1028	0.0044	
74.91	1030	0.0044	
75.43	1033	0.0044	
75.95	1035	0.0043	
76.47	1038	0.0043	
76.99	1040	0.0042	
77.50	1043	0.0042	
78.02	1045	0.0042	
78.53	1048	0.0042	
79.04	1050	0.0042	
79.56	1053	0.0043	
80.07	1055	0.0043	
80.57	1058	0.0043	
81.08	1060	0.0043	
81.59	1063	0.0040	
82.10	1065	0.0040	
82.61	1068	0.0043	
83.11	1070	0.0043	
83.62	1073	0.0038	
84.12	1075	0.0038	
84.62	1078	0.0043	
85.13	1080	0.0043	
85.63	1083	0.0042	
86.13	1085	0.0042	
86.63	1088	0.0043	
87.13	1090	0.0043	
87.63	1093	0.0044	
88.12	1095	0.0044	
88.62	1098	0.0044	
89.12	1100	0.0044	
89.61	1103	0.0044	
90.10	1105	0.0044	
90.60	1108	0.0044	
91.09	1110	0.0044	
91.58	1113	0.0043	
92.07	1115	0.0043	
92.56	1118	0.0044	
93.05	1120	0.0044	
93.54	1123	0.0044	
94.03	1125	0.0044	
94.51	1128	0.0044	
95.00	1130	0.0044	
95.49	1133	0.0044	
95.97	1135	0.0044	
96.46	1138	0.0044	
96.94	1140	0.0045	
97.42	1143	0.0045	
97.91	1145	0.0045	
98.39	1148	0.0045	
98.88	1150	0.0045	
99.36	1153	0.0045	
99.84	1155	0.0044	
100.32	1158	0.0044	
100.80	1160	0.0044	
101.28	1163	0.0044	
101.76	1165	0.0044	
102.24	1168	0.0044	
102.72	1170	0.0044	
103.20	1173	0.0044	
103.67	1175	0.0044	
104.15	1178	0.0044	
104.63	1180	0.0042	
105.10	1183	0.0042	
105.58	1185	0.0044	
106.06	1188	0.0044	
106.54	1190	0.0044	
107.01	1193	0.0044	
107.49	1195	0.0044	
107.97	1198	0.0044	
108.45	1200	0.0044	
108.92	1203	0.0041	
109.40	1205	0.0041	
109.88	1208	0.0046	
110.35	1210	0.0046	
110.83	1213	0.0041	
111.31	1215	0.0041	
111.78	1218	0.0046	
112.26	1220	0.0046	
112.74	1223	0.0041	
113.21	1225	0.0041	
113.69	1228	0.0046	
114.16	1230	0.0046	
114.64	1233	0.0040	
115.11	1235	0.0040	
115.59	1238	0.0047	
116.06	1240	0.0047	
116.54	1243	0.0041	
117.01	1245	0.0041	
117.49	1248	0.0041	
117.96	1250	0.0047	
118.44	1253	0.0047	
118.91	1255	0.0043	
119.39	1258	0.0043	
119.86	1260	0.0047	
120.34	1263	0.0047	
120.81	1265	0.0045	
121.29	1268	0.0045	
121.77	1270	0.0046	
122.24	1273	0.0046	
122.72	1275	0.0046	
123.19	1278	0.0046	
123.67	1280	0.0046	
124.14	1283	0.0046	
124.61	1285	0.0046	
125.09	1288	0.0046	
125.56	1290	0.0047	
126.03	1293	0.0047	
126.50	1295	0.0047	
126.98	1298	0.0046	
127.45	1300	0.0046	
127.92	1303	0.0046	
128.39	1305	0.0046	
128.86	1308	0.0046	
129.32	1310	0.0046	
129.79	1313	0.0046	
130.26	1315	0.0046	
130.73	1318	0.0046	
131.20	1320	0.0046	
131.66	1323	0.0046	
132.13	1325	0.0046	
132.60	1328	0.0046	
133.06	1330	0.0046	
133.52	1333	0.0045	
133.99	1335	0.0045	
134.46	1338	0.0045	
134.92	1340	0.0045	
135.38	1343	0.0045	
135.85	1345	0.0045	
136.31	1348	0.0045	
136.78	1350	0.0044	
137.24	1353	0.0044	
137.71	1355	0.0044	
138.17	1358	0.0044	
138.64	1360	0.0045	
139.10	1363	0.0045	
139.56	1365	0.0046	
140.03	1368	0.0046	
140.49	1370	0.0046	
140.95	1373	0.0046	
141.41	1375	0.0046	
141.88	1378	0.0045	
142.34	1380	0.0045	
142.79	1383	0.0046	
143.25	1385	0.0046	
143.71	1388	0.0047	
144.17	1390	0.0047	
144.63	1393	0.0047	
145.08	1395	0.0047	
145.54	1398	0.0047	
146.00	1400	0.0047	
146.46	1403	0.0047	
146.91	1405	0.0046	
147.37	1408	0.0046	
147.83	1410	0.0045	
148.29	1413	0.0045	
148.74	1415	0.0045	
149.20	1418	0.0045	
149.66	1420	0.0049	
150.12	1423	0.0049	
150.58	1425	0.0045	
151.04	1428	0.0045	
151.50	1430	0.0049	
151.96	1433	0.0049	
152.42	1435	0.0049	
152.88	1438	0.0044	
153.34	1440	0.0044	
153.79	1443	0.0050	
154.25	1445	0.0050	
154.71	1448	0.0044	
155.17	1450	0.0044	
155.63	1453	0.0051	
156.09	1455	0.0051	
156.55	1458	0.0045	
157.00	1460	0.0045	
157.46	1463	0.0045	
157.92	1465	0.0048	
158.38	1468	0.0048	
158.84	1470	0.0048	
159.29	1473	0.0048	
159.75	1475	0.0049	
160.21	1478	0.0049	
160.67	1480	0.0047	
161.13	1483	0.0047	
161.59	1485	0.0049	
162.05	1488	0.0049	
162.52	1490	0.0049	
162.98	1493	0.0049	
163.44	1495	0.0049	
163.90	1498	0.0047	
164.36	1500	0.0047	
164.82	1503	0.0049	
165.28	1505	0.0049	
165.74	1508	0.0046	
166.20	1510	0.0046	
166.66	1513	0.0049	
167.12	1515	0.0049	
167.57	1518	0.0047	
168.03	1520	0.0047	
168.49	1523	0.0047	
168.94	1525	0.0050	
169.40	1528	0.0050	
169.86	1530	0.0048	
170.32	1533	0.0048	
170.77	1535	0.0050	
171.23	1538	0.0050	
171.68	1540	0.0046	
172.13	1543	0.0046	
172.59	1545	0.0051	
173.04	1548	0.0051	
173.49	1550	0.0051	
173.94	1553	0.0046	
174.39	1555	0.0046	
174.84	1558	0.0049	
175.29	1560	0.0049	
175.74	1563	0.0046	
176.19	1565	0.0046	
176.64	1568	0.0051	
177.09	1570	0.0051	
177.53	1573	0.0045	
177.98	1575	0.0045	
178.43	1578	0.0045	
178.88	1580	0.0049	
179.33	1583	0.0049	
179.77	1585	0.0045	
180.22	1588	0.0045	
180.67	1590	0.0052	
181.12	1593	0.0052	
181.57	1595	0.0044	
182.02	1598	0.0044	
182.47	1600	0.0044	
182.92	1603	0.0053	
183.37	1605	0.0053	
183.82	1608	0.0049	
184.27	1610	0.0049	
184.72	1613	0.0049	
185.17	1615	0.0049	
185.62	1618	0.0052	
186.06	1620	0.0052	
186.51	1623	0.0050	
186.96	1625	0.0050	
187.40	1628	0.0050	
187.85	1630	0.0052	
188.29	1633	0.0052	
188.74	1635	0.0050	
189.19	1638	0.0050	
189.63	1640	0.0053	
190.08	1643	0.0053	
190.52	1645	0.0051	
190.97	1648	0.0051	
191.41	1650	0.0051	
191.85	1653	0.0053	
192.30	1655	0.0053	
192.74	1658	0.0050	
193.19	1660	0.0050	
193.63	1663	0.0051	
194.07	1665	0.0051	
194.52	1668	0.0049	
194.96	1670	0.0049	
195.40	1673	0.0049	
195.84	1675	0.0051	
196.28	1678	0.0051	
196.73	1680	0.0047	
197.17	1683	0.0047	
197.61	1685	0.0049	
198.05	1688	0.0049	
198.49	1690	0.0049	
198.93	1693	0.0053	
199.37	1695	0.0053	
199.80	1698	0.0048	
200.25	1700	0.0048	
200.68	1703	0.0055	
201.12	1705	0.0055	
201.56	1708	0.0047	
202.00	1710	0.0047	
202.43	1713	0.0047	
202.87	1715	0.0053	
203.31	1718	0.0053	
203.75	1720	0.0043	
204.18	1723	0.0043	
204.62	1725	0.0054	
205.06	1728	0.0054	
205.50	1730	0.0046	
205.94	1733	0.0046	
206.37	1735	0.0046	
206.81	1738	0.0052	
207.25	1740	0.0052	
207.69	1743	0.0046	
208.13	1745	0.0046	
208.57	1748	0.0056	
209.01	1750	0.0056	
209.45	1753	0.0056	
209.89	1755	0.0047	
210.33	1758	0.0047	
210.77	1760	0.0056	
211.21	1763	0.0056	
211.65	1765	0.0053	
212.09	1768	0.0053	
212.53	1770	0.0051	
212.97	1773	0.0051	
213.40	1775	0.0051	
213.84	1778	0.0056	
214.28	1780	0.0056	
214.72	1783	0.0049	
215.16	1785	0.0049	
215.60	1788	0.0057	
216.03	1790	0.0057	
216.47	1793	0.0057	
216.91	1795	0.0049	
217.35	1798	0.0049	
217.78	1800	0.0056	
218.22	1803	0.0056	
218.66	1805	0.0049	
219.09	1808	0.0049	
219.53	1810	0.0057	
219.96	1813	0.0057	
220.40	1815	0.0057	
220.84	1818	0.0047	
221.27	1820	0.0047	
221.71	1823	0.0058	
222.15	1825	0.0058	
222.58	1828	0.0050	
223.02	1830	0.0050	
223.46	1833	0.0050	
223.90	1835	0.0050	
224.34	1838	0.0050	
224.77	1840	0.0055	
225.21	1843	0.0055	
225.65	1845	0.0051	
226.09	1848	0.0051	
226.52	1850	0.0057	
226.96	1853	0.0057	
227.40	1855	0.0057	
227.84	1858	0.0044	
228.28	1860	0.0044	
228.72	1863	0.0057	
229.16	1865	0.0057	
229.59	1868	0.0046	
230.03	1870	0.0046	
230.46	1873	0.0046	
230.90	1875	0.0056	
231.34	1878	0.0056	
231.77	1880	0.0053	
232.21	1883	0.0053	
232.64	1885	0.0056	
233.08	1888	0.0056	
233.52	1890	0.0054	
233.95	1893	0.0054	
234.39	1895	0.0054	
234.82	1898	0.0052	
235.26	1900	0.0052	
235.69	1903	0.0063	
236.13	1905	0.0063	
236.57	1908	0.0052	
237.00	1910	0.0052	
237.44	1913	0.0052	
237.87	1915	0.0063	
238.31	1918	0.0063	
238.75	1920	0.0054	
239.18	1923	0.0054	
239.62	1925	0.0060	
240.05	1928	0.0060	
240.48	1930	0.0060	
240.92	1933	0.0050	
241.35	1935	0.0050	
241.79	1938	0.0063	
242.22	1940	0.0063	
242.66	1943	0.0056	
243.09	1945	0.0056	
243.52	1948	0.0054	
243.96	1950	0.0054	
244.39	1953	0.0054	
244.82	1955	0.0061	
245.26	1958	0.0061	
245.69	1960	0.0054	
246.13	1963	0.0054	
246.56	1965	0.0061	
246.99	1968	0.0061	
247.43	1970	0.0061	
247.86	1973	0.0054	
248.29	1975	0.0054	
248.72	1978	0.0057	
249.15	1980	0.0057	
249.58	1983	0.0057	
250.02	1985	0.0057	
250.44	1988	0.0057	
250.88	1990	0.0057	
251.30	1993	0.0057	
251.73	1995	0.0057	
252.16	1998	0.0057	
252.59	2000	0.0057	
253.02	2003	0.0057	
253.45	2005	0.0057	
253.88	2008	0.0061	
254.30	2010	0.0061	
254.73	2013	0.0057	
255.16	2015	0.0057	
255.59	2018	0.0063	
256.02	2020	0.0063	
256.45	2023	0.0063	
256.88	2025	0.0056	
257.31	2028	0.0056	
257.73	2030	0.0059	
258.16	2033	0.0059	
258.59	2035	0.0059	
259.02	2038	0.0059	
259.45	2040	0.0059	
259.87	2043	0.0059	
260.30	2045	0.0059	
260.74	2048	0.0059	
261.16	2050	0.0059	
261.59	2053	0.0059	
262.02	2055	0.0059	
262.45	2058	0.0059	
262.88	2060	0.0066	
263.31	2063	0.0066	
263.74	2065	0.0058	
264.17	2068	0.0058	
264.60	2070	0.0068	
265.03	2073	0.0068	
265.46	2075	0.0068	
265.89	2078	0.0056	
266.31	2080	0.0056	
266.74	2083	0.0069	
267.17	2085	0.0069	
267.60	2088	0.0057	
268.02	2090	0.0057	
268.45	2093	0.0057	
268.87	2095	0.0060	
269.30	2098	0.0060	
269.72	2100	0.0060	
270.15	2103	0.0060	
270.57	2105	0.0060	
271.00	2108	0.0060	
271.42	2110	0.0060	
271.84	2113	0.0066	
272.27	2115	0.0066	
272.69	2118	0.0057	
273.12	2120	0.0057	
273.54	2123	0.0067	
273.97	2125	0.0067	
274.40	2128	0.0067	
274.82	2130	0.0057	
275.25	2133	0.0057	
275.68	2135	0.0066	
276.11	2138	0.0066	
276.54	2140	0.0058	
276.97	2143	0.0058	
277.40	2145	0.0058	
277.83	2148	0.0061	
278.26	2150	0.0061	
278.69	2153	0.0061	
279.12	2155	0.0061	
279.55	2158	0.0062	
279.98	2160	0.0062	
280.41	2163	0.0062	
280.84	2165	0.0064	
281.27	2168	0.0064	
281.70	2170	0.0062	
282.13	2173	0.0062	
282.56	2175	0.0068	
282.99	2178	0.0068	
283.41	2180	0.0068	
283.84	2183	0.0060	
284.27	2185	0.0060	
284.70	2188	0.0067	
285.12	2190	0.0067	
285.55	2193	0.0054	
285.98	2195	0.0054	
286.41	2198	0.0054	
286.83	2200	0.0069	
287.26	2203	0.0069	
287.69	2205	0.0053	
288.11	2208	0.0053	
288.54	2210	0.0063	
288.97	2213	0.0063	
289.39	2215	0.0063	
289.82	2218	0.0072	
290.25	2220	0.0072	
290.67	2223	0.0058	
291.10	2225	0.0058	
291.52	2228	0.0072	
291.95	2230	0.0072	
292.38	2233	0.0072	
292.80	2235	0.0059	
293.23	2238	0.0059	
293.65	2240	0.0064	
294.07	2243	0.0064	
294.49	2245	0.0064	
294.91	2248	0.0063	
295.34	2250	0.0063	
295.76	2253	0.0063	
296.18	2255	0.0063	
296.60	2258	0.0050	
297.02	2260	0.0050	
297.44	2263	0.0050	
297.86	2265	0.0070	
298.28	2268	0.0070	
298.70	2270	0.0062	
299.12	2273	0.0062	
299.54	2275	0.0059	
299.96	2278	0.0059	
300.38	2280	0.0059	
300.80	2283	0.0071	
301.22	2285	0.0071	
301.65	2288	0.0051	
302.07	2290	0.0051	
302.50	2293	0.0051	
302.92	2295	0.0071	
303.35	2298	0.0071	
303.78	2300	0.0051	
304.20	2303	0.0051	
304.63	2305	0.0067	
305.06	2308	0.0067	
305.49	2310	0.0067	
305.92	2313	0.0067	
306.34	2315	0.0067	
306.77	2318	0.0066	
307.20	2320	0.0066	
307.63	2323	0.0072	
308.05	2325	0.0072	
308.48	2328	0.0072	
308.91	2330	0.0066	
309.33	2333	0.0066	
309.76	2335	0.0073	
310.18	2338	0.0073	
310.61	2340	0.0058	
311.03	2343	0.0058	
311.46	2345	0.0058	
311.88	2348	0.0074	
312.31	2350	0.0074	
312.73	2353	0.0059	
313.15	2355	0.0059	
313.58	2358	0.0068	
314.00	2360	0.0068	
314.43	2363	0.0068	
314.85	2365	0.0068	
315.28	2368	0.0068	
315.71	2370	0.0068	
316.13	2373	0.0068	
316.55	2375	0.0076	
316.98	2378	0.0076	
317.41	2380	0.0076	
317.84	2383	0.0055	
318.26	2385	0.0055	
318.69	2388	0.0075	
319.12	2390	0.0075	
319.55	2393	0.0055	
319.97	2395	0.0055	
320.40	2398	0.0055	
320.83	2400	0.0076	
321.26	2403	0.0076	
321.69	2405	0.0056	
322.12	2408	0.0056	
322.55	2410	0.0076	
322.98	2413	0.0076	
323.41	2415	0.0076	
323.84	2418	0.0067	
324.26	2420	0.0067	
324.69	2423	0.0063	
325.12	2425	0.0063	
325.54	2428	0.0076	
325.97	2430	0.0076	
326.40	2433	0.0076	
326.82	2435	0.0055	
327.25	2438	0.0055	
327.67	2440	0.0075	
328.10	2443	0.0075	
328.53	2445	0.0056	
328.96	2448	0.0056	
329.39	2450	0.0056	
329.81	2453	0.0075	
330.24	2455	0.0075	
330.67	2458	0.0058	
331.10	2460	0.0058	
331.53	2463	0.0078	
331.95	2465	0.0078	
332.38	2468	0.0078	
332.80	2470	0.0069	
333.23	2473	0.0069	
333.66	2475	0.0069	
334.08	2478	0.0069	
334.51	2480	0.0078	
334.93	2483	0.0078	
335.35	2485	0.0078	
335.78	2488	0.0061	
336.20	2490	0.0061	
336.63	2493	0.0077	
337.04	2495	0.0077	
337.47	2498	0.0077	
337.89	2500	0.0062	
338.32	2503	0.0062	
338.74	2505	0.0078	
339.16	2508	0.0078	
339.58	2510	0.0062	
340.00	2513	0.0062	
340.41	2515	0.0062	
340.83	2518	0.0080	
341.25	2520	0.0080	
341.66	2523	0.0075	
342.08	2525	0.0075	
342.49	2528	0.0075	
342.90	2530	0.0074	
343.32	2533	0.0074	
343.73	2535	0.0073	
344.15	2538	0.0073	
344.56	2540	0.0059	
344.98	2543	0.0059	
345.39	2545	0.0059	
345.80	2548	0.0083	
346.22	2550	0.0083	
346.63	2553	0.0059	
347.05	2555	0.0059	
347.46	2558	0.0059	
347.88	2560	0.0082	
348.29	2563	0.0082	
348.71	2565	0.0072	
349.12	2568	0.0072	
349.54	2570	0.0079	
349.96	2573	0.0079	
350.38	2575	0.0079	
350.80	2578	0.0074	
351.21	2580	0.0074	
351.63	2583	0.0057	
352.04	2585	0.0057	
352.46	2588	0.0057	
352.88	2590	0.0083	
353.30	2593	0.0083	
353.71	2595	0.0059	
354.13	2598	0.0059	
354.55	2600	0.0083	
354.97	2603	0.0083	
355.39	2605	0.0083	
355.81	2608	0.0074	
356.24	2610	0.0074	
356.66	2613	0.0079	
357.08	2615	0.0079	
357.50	2618	0.0076	
357.92	2620	0.0076	
358.35	2623	0.0076	
358.77	2625	0.0077	
359.20	2628	0.0077	
359.63	2630	0.0078	
360.05	2633	0.0078	
360.48	2635	0.0078	
360.90	2638	0.0064	
361.32	2640	0.0064	
361.75	2643	0.0084	
362.17	2645	0.0084	
362.60	2648	0.0064	
363.02	2650	0.0064	
363.44	2653	0.0064	
363.86	2655	0.0083	
364.28	2658	0.0083	
364.70	2660	0.0074	
365.12	2663	0.0074	
365.53	2665	0.0085	
365.95	2668	0.0085	
366.37	2670	0.0085	
366.78	2673	0.0078	
367.20	2675	0.0078	
367.61	2678	0.0078	
368.03	2680	0.0078	
368.45	2683	0.0078	
368.86	2685	0.0078	
369.28	2688	0.0078	
369.70	2690	0.0063	
370.12	2693	0.0063	
370.54	2695	0.0087	
370.96	2698	0.0087	
371.38	2700	0.0087	
371.81	2703	0.0076	
372.23	2705	0.0076	
372.65	2708	0.0085	
373.08	2710	0.0085	
373.50	2713	0.0079	
373.93	2715	0.0079	
374.36	2718	0.0079	
374.78	2720	0.0078	
375.21	2723	0.0078	
375.64	2725	0.0078	
376.07	2728	0.0078	
376.49	2730	0.0078	
376.92	2733	0.0064	
377.35	2735	0.0064	
377.78	2738	0.0088	
378.21	2740	0.0088	
378.64	2743	0.0077	
379.07	2745	0.0077	
379.49	2748	0.0077	
379.92	2750	0.0083	
380.35	2753	0.0083	
380.78	2755	0.0079	
381.21	2758	0.0079	
381.64	2760	0.0080	
382.07	2763	0.0080	
382.49	2765	0.0080	
382.92	2768	0.0080	
383.35	2770	0.0080	
383.78	2773	0.0068	
384.20	2775	0.0068	
384.63	2778	0.0087	
385.06	2780	0.0087	
385.48	2783	0.0087	
385.91	2785	0.0078	
386.33	2788	0.0078	
386.76	2790	0.0088	
387.19	2793	0.0088	
387.61	2795	0.0082	
388.04	2798	0.0082	
388.46	2800	0.0082	
388.89	2803	0.0082	
389.31	2805	0.0082	
389.74	2808	0.0082	
390.16	2810	0.0082	
390.58	2813	0.0082	
391.00	2815	0.0082	
391.42	2818	0.0082	
391.84	2820	0.0082	
392.26	2823	0.0082	
392.68	2825	0.0070	
393.10	2828	0.0070	
393.52	2830	0.0091	
393.94	2833	0.0091	
394.36	2835	0.0091	
394.78	2838	0.0080	
395.21	2840	0.0080	
395.63	2843	0.0091	
396.06	2845	0.0091	
396.48	2848	0.0091	
396.91	2850	0.0083	
397.33	2853	0.0083	
397.76	2855	0.0083	
398.18	2858	0.0083	
398.61	2860	0.0084	
399.03	2863	0.0084	
399.46	2865	0.0084	
399.88	2868	0.0083	
400.30	2870	0.0083	
400.72	2873	0.0083	
401.14	2875	0.0083	
401.57	2878	0.0082	
401.99	2880	0.0082	
402.40	2883	0.0082	
402.82	2885	0.0087	
403.24	2888	0.0087	
403.65	2890	0.0084	
404.06	2893	0.0084	
404.48	2895	0.0084	
404.89	2898	0.0084	
405.31	2900	0.0084	
405.72	2903	0.0084	
406.14	2905	0.0084	
406.55	2908	0.0084	
406.97	2910	0.0084	
407.38	2913	0.0084	
407.80	2915	0.0083	
408.22	2918	0.0083	
408.63	2920	0.0097	
409.05	2923	0.0097	
409.47	2925	0.0097	
409.88	2928	0.0080	
410.30	2930	0.0080	
410.73	2933	0.0085	
411.15	2935	0.0085	
411.57	2938	0.0085	
411.99	2940	0.0085	
412.41	2943	0.0085	
412.83	2945	0.0086	
413.25	2948	0.0086	
413.67	2950	0.0086	
414.09	2953	0.0086	
414.50	2955	0.0086	
414.92	2958	0.0086	
415.33	2960	0.0086	
415.75	2963	0.0086	
416.17	2965	0.0086	
416.59	2968	0.0087	
417.01	2970	0.0087	
417.43	2973	0.0087	
417.85	2975	0.0094	
418.27	2978	0.0094	
418.69	2980	0.0084	
419.11	2983	0.0084	
419.53	2985	0.0088	
419.95	2988	0.0088	
420.37	2990	0.0088	
420.79	2993	0.0088	
421.21	2995	0.0088	
421.63	2998	0.0088	
422.05	3000	0.0088	
422.48	3003	0.0088	
422.90	3005	0.0089	
423.32	3008	0.0089	
423.75	3010	0.0089	
424.17	3013	0.0089	
424.59	3015	0.0101	
425.01	3018	0.0101	
425.43	3020	0.0101	
425.85	3023	0.0081	
426.27	3025	0.0081	
426.69	3028	0.0087	
427.11	3030	0.0087	
427.53	3033	0.0087	
427.95	3035	0.0087	
428.36	3038	0.0087	
428.78	3040	0.0088	
429.20	3043	0.0088	
429.61	3045	0.0088	
430.03	3048	0.0088	
430.45	3050	0.0088	
430.86	3053	0.0089	
431.28	3055	0.0089	
431.69	3058	0.0102	
432.10	3060	0.0102	
432.52	3063	0.0080	
432.94	3065	0.0080	
433.35	3068	0.0080	
433.77	3070	0.0095	
434.19	3073	0.0095	
434.61	3075	0.0075	
435.03	3078	0.0075	
435.44	3080	0.0075	
435.86	3083	0.0090	
436.27	3085	0.0090	
436.69	3088	0.0089	
437.11	3090	0.0089	
437.53	3093	0.0088	
437.95	3095	0.0088	
438.36	3098	0.0088	
438.78	3100	0.0099	
439.20	3103	0.0099	
439.62	3105	0.0086	
440.04	3108	0.0086	
440.46	3110	0.0086	
440.88	3113	0.0097	
441.30	3115	0.0097	
441.72	3118	0.0079	
442.14	3120	0.0079	
442.56	3123	0.0091	
442.99	3125	0.0091	
443.41	3128	0.0091	
443.83	3130	0.0091	
444.25	3133	0.0091	
444.67	3135	0.0092	
445.10	3138	0.0092	
445.52	3140	0.0103	
445.95	3143	0.0103	
446.37	3145	0.0103	
446.79	3148	0.0089	
447.21	3150	0.0089	
447.63	3153	0.0105	
448.04	3155	0.0105	
448.46	3158	0.0105	
448.87	3160	0.0088	
449.28	3163	0.0088	
449.70	3165	0.0091	
450.11	3168	0.0091	
450.53	3170	0.0091	
450.94	3173	0.0091	
451.35	3175	0.0091	
451.77	3178	0.0092	
452.18	3180	0.0092	
452.59	3183	0.0106	
453.01	3185	0.0106	
453.42	3188	0.0106	
453.83	3190	0.0086	
454.25	3193	0.0086	
454.67	3195	0.0104	
455.09	3198	0.0104	
455.51	3200	0.0085	
455.93	3203	0.0085	
456.35	3205	0.0085	
456.77	3208	0.0091	
457.19	3210	0.0091	
457.61	3213	0.0091	
458.03	3215	0.0091	
458.45	3218	0.0091	
458.87	3220	0.0091	
459.28	3223	0.0091	
459.70	3225	0.0091	
460.12	3228	0.0091	
460.53	3230	0.0092	
460.94	3233	0.0092	
461.36	3235	0.0092	
461.77	3238	0.0102	
462.19	3240	0.0102	
462.61	3243	0.0088	
463.02	3245	0.0088	
463.44	3248	0.0088	
463.85	3250	0.0095	
464.27	3253	0.0095	
464.68	3255	0.0094	
465.10	3258	0.0094	
465.51	3260	0.0094	
465.93	3263	0.0094	
466.34	3265	0.0094	
466.75	3268	0.0094	
467.17	3270	0.0094	
467.58	3273	0.0094	
468.00	3275	0.0094	
468.41	3278	0.0094	
468.83	3280	0.0102	
469.24	3283	0.0102	
469.65	3285	0.0092	
470.07	3288	0.0092	
470.48	3290	0.0092	
470.89	3293	0.0101	
471.31	3295	0.0101	
471.72	3298	0.0084	
472.14	3300	0.0084	
472.55	3303	0.0097	
472.97	3305	0.0097	
473.39	3308	0.0097	
473.81	3310	0.0096	
474.22	3313	0.0096	
474.64	3315	0.0096	
475.05	3318	0.0096	
475.47	3320	0.0096	
475.88	3323	0.0107	
476.30	3325	0.0107	
476.71	3328	0.0090	
477.13	3330	0.0090	
477.54	3333	0.0102	
477.96	3335	0.0102	
478.38	3338	0.0102	
478.80	3340	0.0081	
479.22	3343	0.0081	
479.64	3345	0.0096	
480.06	3348	0.0096	
480.48	3350	0.0096	
480.90	3353	0.0096	
481.32	3355	0.0096	
481.73	3358	0.0096	
482.15	3360	0.0096	
482.57	3363	0.0106	
482.98	3365	0.0106	
483.40	3368	0.0106	
483.82	3370	0.0089	
484.24	3373	0.0089	
484.65	3375	0.0101	
485.07	3378	0.0101	
485.49	3380	0.0101	
485.91	3383	0.0080	
486.33	3385	0.0080	
486.75	3388	0.0095	
487.18	3390	0.0095	
487.61	3393	0.0096	
488.03	3395	0.0096	
488.46	3398	0.0096	
488.89	3400	0.0097	
489.31	3403	0.0097	
489.74	3405	0.0105	
490.17	3408	0.0105	
490.59	3410	0.0095	
491.01	3413	0.0095	
491.43	3415	0.0095	
491.86	3418	0.0105	
492.29	3420	0.0105	
492.71	3423	0.0086	
493.13	3425	0.0086	
493.56	3428	0.0100	
493.98	3430	0.0100	
494.40	3433	0.0100	
494.82	3435	0.0100	
495.23	3438	0.0100	
495.65	3440	0.0100	
496.07	3443	0.0100	
496.49	3445	0.0100	
496.90	3448	0.0101	
497.33	3450	0.0101	
497.75	3453	0.0101	
498.17	3455	0.0101	
498.59	3458	0.0108	
499.02	3460	0.0108	
499.44	3463	0.0108	
499.86	3465	0.0096	
500.29	3468	0.0096	
500.72	3470	0.0101	
501.14	3473	0.0101	
501.57	3475	0.0101	
501.99	3478	0.0101	
502.42	3480	0.0101	
502.83	3483	0.0101	
503.25	3485	0.0101	
503.67	3488	0.0113	
504.09	3490	0.0113	
504.51	3493	0.0094	
504.92	3495	0.0094	
505.34	3498	0.0094	
505.75	3500	0.0107	
506.16	3503	0.0107	
506.58	3505	0.0087	
506.99	3508	0.0087	
507.40	3510	0.0087	
507.81	3513	0.0099	
508.22	3515	0.0099	
508.63	3518	0.0099	
509.04	3520	0.0099	
509.45	3523	0.0099	
509.86	3525	0.0099	
510.27	3528	0.0099	
510.68	3530	0.0111	
511.10	3533	0.0111	
511.52	3535	0.0095	
511.94	3538	0.0095	
512.36	3540	0.0095	
512.77	3543	0.0106	
513.19	3545	0.0106	
513.61	3548	0.0089	
514.03	3550	0.0089	
514.45	3553	0.0089	
514.87	3555	0.0101	
515.29	3558	0.0101	
515.70	3560	0.0101	
516.12	3563	0.0101	
516.53	3565	0.0102	
516.94	3568	0.0102	
517.35	3570	0.0102	
517.77	3573	0.0113	
518.18	3575	0.0113	
518.59	3578	0.0099	
519.00	3580	0.0099	
519.41	3583	0.0099	
519.82	3585	0.0112	
520.23	3588	0.0112	
520.65	3590	0.0093	
521.06	3593	0.0093	
521.47	3595	0.0093	
521.88	3598	0.0106	
522.29	3600	0.0106	
522.70	3603	0.0106	
523.11	3605	0.0106	
523.51	3608	0.0105	
523.93	3610	0.0105	
524.34	3613	0.0105	
524.75	3615	0.0119	
525.16	3618	0.0119	
525.57	3620	0.0102	
525.98	3623	0.0102	
526.39	3625	0.0102	
526.80	3628	0.0115	
527.21	3630	0.0115	
527.62	3633	0.0092	
528.03	3635	0.0092	
528.44	3638	0.0092	
528.86	3640	0.0113	
529.27	3643	0.0113	
529.68	3645	0.0094	
530.10	3648	0.0094	
530.52	3650	0.0106	
530.93	3653	0.0106	
531.36	3655	0.0106	
531.78	3658	0.0117	
532.20	3660	0.0117	
532.63	3663	0.0100	
533.06	3665	0.0100	
533.48	3668	0.0100	
533.91	3670	0.0112	
534.34	3673	0.0112	
534.77	3675	0.0092	
535.20	3678	0.0092	
535.62	3680	0.0112	
536.05	3683	0.0112	
536.48	3685	0.0112	
536.90	3688	0.0092	
537.32	3690	0.0092	
537.74	3693	0.0105	
538.17	3695	0.0105	
538.59	3698	0.0105	
539.01	3700	0.0105	
539.43	3703	0.0105	
539.84	3705	0.0106	
540.26	3708	0.0106	
540.68	3710	0.0113	
541.09	3713	0.0113	
541.51	3715	0.0093	
541.92	3718	0.0093	
542.34	3720	0.0093	
542.75	3723	0.0114	
543.17	3725	0.0114	
543.59	3728	0.0095	
544.00	3730	0.0095	
544.42	3733	0.0095	
544.84	3735	0.0109	
545.26	3738	0.0109	
545.68	3740	0.0120	
546.10	3743	0.0120	
546.52	3745	0.0106	
546.94	3748	0.0106	
547.36	3750	0.0106	
547.78	3753	0.0117	
548.20	3755	0.0117	
548.62	3758	0.0099	
549.03	3760	0.0099	
549.45	3763	0.0099	
549.87	3765	0.0118	
550.29	3768	0.0118	
550.71	3770	0.0099	
551.14	3773	0.0099	
551.57	3775	0.0114	
551.99	3778	0.0114	
552.42	3780	0.0114	
552.85	3783	0.0124	
553.28	3785	0.0124	
553.70	3788	0.0107	
554.13	3790	0.0107	
554.55	3793	0.0123	
554.97	3795	0.0123	
555.39	3798	0.0123	
555.82	3800	0.0108	
556.24	3803	0.0108	
556.66	3805	0.0120	
557.08	3808	0.0120	
557.51	3810	0.0096	
557.94	3813	0.0096	
558.37	3815	0.0096	
558.80	3818	0.0111	
559.23	3820	0.0111	
559.66	3823	0.0121	
560.09	3825	0.0121	
560.52	3828	0.0107	
560.95	3830	0.0107	
561.38	3833	0.0107	
561.81	3835	0.0122	
562.24	3838	0.0122	
562.67	3840	0.0106	
563.10	3843	0.0106	
563.52	3845	0.0118	
563.95	3848	0.0118	
564.37	3850	0.0118	
564.80	3853	0.0096	
565.23	3855	0.0096	
565.65	3858	0.0111	
566.07	3860	0.0111	
566.48	3863	0.0111	
566.90	3865	0.0111	
567.31	3868	0.0111	
567.73	3870	0.0111	
568.14	3873	0.0111	
568.55	3875	0.0122	
568.96	3878	0.0122	
569.37	3880	0.0122	
569.78	3883	0.0107	
570.19	3885	0.0107	
570.60	3888	0.0121	
571.02	3890	0.0121	
571.43	3893	0.0121	
571.84	3895	0.0103	
572.26	3898	0.0103	
572.67	3900	0.0116	
573.09	3903	0.0116	
573.49	3905	0.0116	
573.91	3908	0.0116	
574.33	3910	0.0116	
574.75	3913	0.0116	
575.16	3915	0.0116	
575.58	3918	0.0129	
575.99	3920	0.0129	
576.41	3923	0.0129	
576.82	3925	0.0112	
577.24	3928	0.0112	
577.65	3930	0.0125	
578.06	3933	0.0125	
578.47	3935	0.0125	
578.89	3938	0.0105	
579.30	3940	0.0105	
579.71	3943	0.0119	
580.12	3945	0.0119	
580.53	3948	0.0119	
580.94	3950	0.0119	
581.36	3953	0.0119	
581.77	3955	0.0119	
582.18	3958	0.0119	
582.60	3960	0.0132	
583.01	3963	0.0132	
583.43	3965	0.0132	
583.84	3968	0.0115	
584.25	3970	0.0115	
584.67	3973	0.0116	
585.08	3975	0.0116	
585.49	3978	0.0116	
585.90	3980	0.0124	
586.32	3983	0.0124	
586.73	3985	0.0117	
587.14	3988	0.0117	
587.56	3990	0.0118	
587.98	3993	0.0118	
588.40	3995	0.0118	
588.81	3998	0.0118	
589.23	4000	0.0118	
589.65	4003	0.0129	
590.06	4005	0.0129	
590.48	4008	0.0129	
590.90	4010	0.0110	
591.32	4013	0.0110	
591.74	4015	0.0116	
592.16	4018	0.0116	
592.58	4020	0.0121	
593.00	4023	0.0121	
593.41	4025	0.0121	
593.83	4028	0.0118	
594.23	4030	0.0118	
594.65	4033	0.0118	
595.06	4035	0.0118	
595.47	4038	0.0118	
595.88	4040	0.0119	
596.30	4043	0.0119	
596.71	4045	0.0131	
597.12	4048	0.0131	
597.53	4050	0.0116	
597.95	4053	0.0116	
598.36	4055	0.0116	
598.77	4058	0.0130	
599.18	4060	0.0130	
599.60	4063	0.0117	
600.01	4065	0.0117	
600.42	4068	0.0117	
600.84	4070	0.0121	
601.25	4073	0.0121	
601.67	4075	0.0123	
602.09	4078	0.0123	
602.49	4080	0.0123	
602.91	4083	0.0125	
603.33	4085	0.0125	
603.76	4088	0.0135	
604.18	4090	0.0135	
604.60	4093	0.0121	
605.03	4095	0.0121	
605.45	4098	0.0121	
605.87	4100	0.0133	
606.29	4103	0.0133	
606.70	4105	0.0109	
607.12	4108	0.0109	
607.54	4110	0.0126	
607.96	4113	0.0126	
608.38	4115	0.0126	
608.80	4118	0.0125	
609.22	4120	0.0125	
609.63	4123	0.0125	
610.05	4125	0.0125	
610.47	4128	0.0125	
610.89	4130	0.0137	
611.32	4133	0.0137	
611.74	4135	0.0120	
612.17	4138	0.0120	
612.59	4140	0.0138	
613.01	4143	0.0138	
613.44	4145	0.0138	
613.86	4148	0.0120	
614.27	4150	0.0120	
614.70	4153	0.0134	
615.12	4155	0.0134	
615.54	4158	0.0106	
615.96	4160	0.0106	
616.38	4163	0.0106	
616.80	4165	0.0125	
617.23	4168	0.0125	
617.65	4170	0.0135	
618.07	4173	0.0135	
618.49	4175	0.0135	
618.91	4178	0.0120	
619.33	4180	0.0120	
619.76	4183	0.0137	
620.18	4185	0.0137	
620.60	4188	0.0120	
621.02	4190	0.0120	
621.44	4193	0.0120	
621.86	4195	0.0134	
622.28	4198	0.0134	
622.69	4200	0.0113	
623.11	4203	0.0113	
623.52	4205	0.0127	
623.94	4208	0.0127	
624.35	4210	0.0127	
624.77	4213	0.0137	
625.18	4215	0.0137	
625.60	4218	0.0121	
626.01	4220	0.0121	
626.43	4223	0.0121	
626.84	4225	0.0139	
627.26	4228	0.0139	
627.67	4230	0.0124	
628.07	4233	0.0124	
628.49	4235	0.0124	
628.90	4238	0.0138	
629.31	4240	0.0138	
629.72	4243	0.0114	
630.13	4245	0.0114	
630.54	4248	0.0130	
630.94	4250	0.0130	
631.35	4253	0.0130	
631.76	4255	0.0145	
632.17	4258	0.0145	
632.58	4260	0.0124	
632.99	4263	0.0124	
633.41	4265	0.0124	
633.82	4268	0.0145	
634.24	4270	0.0145	
634.65	4273	0.0125	
635.07	4275	0.0125	
635.48	4278	0.0125	
635.89	4280	0.0133	
636.30	4283	0.0133	
636.71	4285	0.0133	
637.12	4288	0.0133	
637.53	4290	0.0132	
637.95	4293	0.0132	
638.35	4295	0.0132	
638.77	4298	0.0144	
639.19	4300	0.0144	
639.61	4303	0.0126	
640.03	4305	0.0126	
640.45	4308	0.0126	
640.87	4310	0.0143	
641.29	4313	0.0143	
641.72	4315	0.0111	
642.14	4318	0.0111	
642.57	4320	0.0131	
642.99	4323	0.0131	
643.41	4325	0.0131	
643.84	4328	0.0132	
644.26	4330	0.0132	
644.68	4333	0.0133	
645.10	4335	0.0133	
645.52	4338	0.0143	
645.93	4340	0.0143	
646.34	4343	0.0143	
646.75	4345	0.0125	
647.15	4348	0.0125	
647.56	4350	0.0142	
647.97	4353	0.0142	
648.37	4355	0.0142	
648.78	4358	0.0129	
649.19	4360	0.0129	
649.60	4363	0.0134	
650.00	4365	0.0134	
650.41	4368	0.0134	
650.82	4370	0.0135	
651.24	4373	0.0135	
651.65	4375	0.0135	
652.07	4378	0.0135	
652.49	4380	0.0135	
652.91	4383	0.0146	
653.34	4385	0.0146	
653.76	4388	0.0129	
654.19	4390	0.0129	
654.62	4393	0.0147	
655.04	4395	0.0147	
655.47	4398	0.0147	
655.90	4400	0.0127	
656.32	4403	0.0127	
656.74	4405	0.0135	
657.16	4408	0.0135	
657.58	4410	0.0135	
658.01	4413	0.0135	
658.43	4415	0.0135	
658.84	4418	0.0135	
659.27	4420	0.0135	
659.68	4423	0.0152	
660.10	4425	0.0152	
660.52	4428	0.0129	
660.94	4430	0.0129	
661.36	4433	0.0129	
661.77	4435	0.0149	
662.19	4438	0.0149	
662.60	4440	0.0112	
663.02	4443	0.0112	
663.43	4445	0.0112	
663.84	4448	0.0138	
664.26	4450	0.0138	
664.67	4453	0.0138	
665.08	4455	0.0138	
665.49	4458	0.0138	
665.90	4460	0.0139	
666.31	4463	0.0139	
666.72	4465	0.0152	
667.13	4468	0.0152	
667.54	4470	0.0132	
667.95	4473	0.0132	
668.37	4475	0.0132	
668.78	4478	0.0150	
669.20	4480	0.0150	
669.62	4483	0.0117	
670.04	4485	0.0117	
670.46	4488	0.0117	
670.88	4490	0.0141	
671.28	4493	0.0141	
671.71	4495	0.0141	
672.13	4498	0.0141	
672.55	4500	0.0140	
672.97	4503	0.0140	
673.38	4505	0.0140	
673.80	4508	0.0152	
674.21	4510	0.0152	
674.63	4513	0.0134	
675.04	4515	0.0134	
675.46	4518	0.0134	
675.87	4520	0.0150	
676.29	4523	0.0150	
676.71	4525	0.0121	
677.12	4528	0.0121	
677.54	4530	0.0151	
677.96	4533	0.0151	
678.39	4535	0.0151	
678.81	4538	0.0120	
679.23	4540	0.0120	
679.65	4543	0.0140	
680.07	4545	0.0140	
680.49	4548	0.0140	
680.91	4550	0.0155	
681.33	4553	0.0155	
681.74	4555	0.0133	
682.16	4558	0.0133	
682.58	4560	0.0151	
683.00	4563	0.0151	
683.41	4565	0.0151	
683.82	4568	0.0118	
684.22	4570	0.0118	
684.65	4573	0.0142	
685.07	4575	0.0142	
685.50	4578	0.0142	
685.92	4580	0.0142	
686.35	4583	0.0142	
686.77	4585	0.0143	
687.19	4588	0.0143	
687.62	4590	0.0162	
688.04	4593	0.0162	
688.46	4595	0.0162	
688.88	4598	0.0134	
689.31	4600	0.0134	
689.73	4603	0.0158	
690.15	4605	0.0158	
690.57	4608	0.0118	
691.00	4610	0.0118	
691.42	4613	0.0118	
691.84	4615	0.0145	
692.26	4618	0.0145	
692.69	4620	0.0146	
693.10	4623	0.0146	
693.52	4625	0.0146	
693.94	4628	0.0146	
694.36	4630	0.0146	
694.77	4633	0.0159	
695.19	4635	0.0159	
695.60	4638	0.0140	
696.02	4640	0.0140	
696.43	4643	0.0140	
696.85	4645	0.0158	
697.26	4648	0.0158	
697.67	4650	0.0121	
698.08	4653	0.0121	
698.50	4655	0.0121	
698.91	4658	0.0147	
699.32	4660	0.0147	
699.73	4663	0.0147	
700.14	4665	0.0147	
700.56	4668	0.0147	
700.96	4670	0.0147	
701.38	4673	0.0147	
701.79	4675	0.0161	
702.21	4678	0.0161	
702.62	4680	0.0140	
703.04	4683	0.0140	
703.46	4685	0.0140	
703.88	4688	0.0158	
704.29	4690	0.0158	
704.71	4693	0.0124	
705.13	4695	0.0124	
705.55	4698	0.0158	
705.97	4700	0.0158	
706.38	4703	0.0158	
706.80	4705	0.0123	
707.23	4708	0.0123	
707.65	4710	0.0147	
708.07	4713	0.0147	
708.48	4715	0.0147	
708.90	4718	0.0146	
709.32	4720	0.0146	
709.74	4723	0.0146	
710.15	4725	0.0146	
710.57	4728	0.0161	
710.98	4730	0.0161	
711.40	4733	0.0161	
711.82	4735	0.0123	
712.23	4738	0.0123	
712.65	4740	0.0161	
713.07	4743	0.0161	
713.49	4745	0.0161	
713.92	4748	0.0123	
714.34	4750	0.0123	
714.75	4753	0.0149	
715.17	4755	0.0149	
715.59	4758	0.0171	
716.00	4760	0.0171	
716.42	4763	0.0171	
716.84	4765	0.0140	
717.26	4768	0.0140	
717.67	4770	0.0166	
718.09	4773	0.0166	
718.51	4775	0.0124	
718.92	4778	0.0124	
719.34	4780	0.0124	
719.76	4783	0.0166	
720.17	4785	0.0166	
720.59	4788	0.0128	
721.01	4790	0.0128	
721.44	4793	0.0128	
721.86	4795	0.0153	
722.28	4798	0.0153	
722.71	4800	0.0170	
723.13	4803	0.0170	
723.56	4805	0.0144	
723.98	4808	0.0144	
724.40	4810	0.0144	
724.82	4813	0.0168	
725.25	4815	0.0168	
725.67	4818	0.0129	
726.09	4820	0.0129	
726.51	4823	0.0168	
726.93	4825	0.0168	
727.35	4828	0.0168	
727.77	4830	0.0131	
728.19	4833	0.0131	
728.61	4835	0.0154	
729.02	4838	0.0154	
729.44	4840	0.0154	
729.85	4843	0.0170	
730.27	4845	0.0170	
730.68	4848	0.0147	
731.10	4850	0.0147	
731.51	4853	0.0166	
731.93	4855	0.0166	
732.35	4858	0.0166	
732.77	4860	0.0129	
733.19	4863	0.0129	
733.61	4865	0.0166	
734.03	4868	0.0166	
734.45	4870	0.0166	
734.87	4873	0.0129	
735.29	4875	0.0129	
735.71	4878	0.0167	
736.14	4880	0.0167	
736.56	4883	0.0151	
736.98	4885	0.0151	
737.40	4888	0.0151	
737.81	4890	0.0146	
738.22	4893	0.0146	
738.63	4895	0.0174	
739.04	4898	0.0174	
739.45	4900	0.0174	
739.86	4903	0.0146	
740.27	4905	0.0146	
740.68	4908	0.0173	
741.08	4910	0.0173	
741.49	4913	0.0173	
741.90	4915	0.0130	
742.31	4918	0.0130	
742.72	4920	0.0171	
743.13	4923	0.0171	
743.54	4925	0.0155	
743.96	4928	0.0155	
744.37	4930	0.0155	
744.79	4933	0.0151	
745.21	4935	0.0151	
745.63	4938	0.0180	
746.06	4940	0.0180	
746.48	4943	0.0180	
746.91	4945	0.0152	
747.34	4948	0.0152	
747.77	4950	0.0176	
748.21	4953	0.0176	
748.64	4955	0.0135	
749.08	4958	0.0135	
749.51	4960	0.0161	
749.92	4963	0.0161	
750.36	4965	0.0161	
750.79	4968	0.0177	
751.22	4970	0.0177	
751.65	4973	0.0154	
752.08	4975	0.0154	
752.50	4978	0.0154	
752.93	4980	0.0178	
753.35	4983	0.0178	
753.77	4985	0.0155	
754.18	4988	0.0155	
754.60	4990	0.0177	
755.01	4993	0.0177	
755.42	4995	0.0177	
755.83	4998	0.0137	
756.24	5000	0.0137	
756.65	5003	0.0177	
757.05	5005	0.0177	
757.46	5008	0.0177	
757.87	5010	0.0158	
758.28	5013	0.0158	
758.69	5015	0.0155	
759.11	5018	0.0155	
759.52	5020	0.0178	
759.94	5023	0.0178	
760.35	5025	0.0178	
760.77	5028	0.0155	
761.19	5030	0.0155	
761.61	5033	0.0180	
762.04	5035	0.0180	
762.46	5038	0.0180	
762.88	5040	0.0154	
763.30	5043	0.0154	
763.71	5045	0.0177	
764.13	5048	0.0177	
764.54	5050	0.0159	
764.96	5053	0.0159	
765.37	5055	0.0159	
765.78	5058	0.0155	
766.19	5060	0.0155	
766.60	5063	0.0184	
767.01	5065	0.0184	
767.41	5068	0.0184	
767.82	5070	0.0155	
768.23	5073	0.0155	
768.63	5075	0.0185	
769.03	5078	0.0185	
769.44	5080	0.0185	
769.84	5083	0.0157	
770.25	5085	0.0157	
770.66	5088	0.0167	
771.07	5090	0.0167	
771.48	5093	0.0167	
771.89	5095	0.0189	
772.30	5098	0.0189	
772.71	5100	0.0158	
773.12	5103	0.0158	
773.54	5105	0.0185	
773.95	5108	0.0185	
774.37	5110	0.0185	
774.77	5113	0.0159	
775.17	5115	0.0159	
775.60	5118	0.0163	
776.03	5120	0.0163	
776.46	5123	0.0163	
776.90	5125	0.0177	
777.33	5128	0.0177	
777.76	5130	0.0169	
778.19	5133	0.0169	
778.62	5135	0.0169	
779.04	5138	0.0169	
779.46	5140	0.0169	
779.88	5143	0.0170	
780.29	5145	0.0170	
780.71	5148	0.0183	
781.12	5150	0.0183	
781.54	5153	0.0163	
781.95	5155	0.0163	
782.36	5158	0.0163	
782.77	5160	0.0163	
783.18	5163	0.0163	
783.58	5165	0.0187	
783.99	5168	0.0187	
784.39	5170	0.0187	
784.79	5173	0.0170	
785.19	5175	0.0170	
785.60	5178	0.0170	
786.00	5180	0.0170	
786.41	5183	0.0170	
786.81	5185	0.0170	
787.22	5188	0.0170	
787.62	5190	0.0187	
788.03	5193	0.0187	
788.44	5195	0.0187	
788.84	5198	0.0161	
789.25	5200	0.0161	
789.66	5203	0.0165	
790.07	5205	0.0165	
790.48	5208	0.0165	
790.89	5210	0.0183	
791.31	5213	0.0183	
791.72	5215	0.0171	
792.14	5218	0.0171	
792.56	5220	0.0171	
792.98	5223	0.0171	
793.40	5225	0.0171	
793.82	5228	0.0172	
794.25	5230	0.0172	
794.67	5233	0.0193	
795.10	5235	0.0193	
795.53	5238	0.0162	
795.95	5240	0.0162	
796.38	5243	0.0162	
796.80	5245	0.0168	
797.23	5248	0.0168	
797.65	5250	0.0183	
798.08	5253	0.0183	
798.50	5255	0.0183	
798.93	5258	0.0174	
799.35	5260	0.0174	
799.77	5263	0.0174	
800.18	5265	0.0174	
800.60	5268	0.0174	
801.02	5270	0.0174	
801.43	5273	0.0174	
801.85	5275	0.0192	
802.27	5278	0.0192	
802.69	5280	0.0166	
803.11	5283	0.0166	
803.52	5285	0.0176	
803.90	5288	0.0176	
804.33	5290	0.0176	
804.75	5293	0.0176	
805.17	5295	0.0176	
805.58	5298	0.0176	
806.00	5300	0.0176	
806.42	5303	0.0176	
806.84	5305	0.0176	
807.25	5308	0.0176	
807.67	5310	0.0176	
808.09	5313	0.0176	
808.51	5315	0.0189	
808.92	5318	0.0189	
809.34	5320	0.0189	
809.76	5323	0.0169	
810.18	5325	0.0169	
810.59	5328	0.0176	
811.01	5330	0.0176	
811.42	5333	0.0176	
811.84	5335	0.0176	
812.25	5338	0.0176	
812.66	5340	0.0177	
813.08	5343	0.0177	
813.49	5345	0.0177	
813.91	5348	0.0178	
814.32	5350	0.0178	
814.74	5353	0.0179	
815.16	5355	0.0179	
815.57	5358	0.0196	
815.99	5360	0.0196	
816.41	5363	0.0196	
816.83	5365	0.0168	
817.25	5368	0.0168	
817.67	5370	0.0178	
818.09	5373	0.0178	
818.51	5375	0.0177	
818.92	5378	0.0177	
819.34	5380	0.0177	
819.76	5383	0.0176	
820.17	5385	0.0176	
820.59	5388	0.0177	
821.00	5390	0.0177	
821.42	5393	0.0177	
821.83	5395	0.0177	
822.25	5398	0.0177	
822.67	5400	0.0201	
823.09	5403	0.0201	
823.51	5405	0.0169	
823.93	5408	0.0169	
824.36	5410	0.0169	
824.78	5413	0.0192	
825.20	5415	0.0192	
825.63	5418	0.0153	
826.05	5420	0.0153	
826.48	5423	0.0153	
826.90	5425	0.0180	
827.31	5428	0.0180	
827.73	5430	0.0196	
828.15	5433	0.0196	
828.56	5435	0.0173	
828.97	5438	0.0173	
829.39	5440	0.0173	
829.80	5443	0.0195	
830.21	5445	0.0195	
830.62	5448	0.0174	
831.03	5450	0.0174	
831.44	5453	0.0174	
831.85	5455	0.0196	
832.26	5458	0.0196	
832.67	5460	0.0158	
833.08	5463	0.0158	
833.49	5465	0.0158	
833.91	5468	0.0195	
834.32	5470	0.0195	
834.73	5473	0.0178	
835.15	5475	0.0178	
835.57	5478	0.0177	
835.98	5480	0.0177	
836.40	5483	0.0177	
836.82	5485	0.0198	
837.23	5488	0.0198	
837.65	5490	0.0175	
838.07	5493	0.0175	
838.49	5495	0.0175	
838.90	5498	0.0198	
839.31	5500	0.0198	
839.73	5503	0.0154	
840.12	5505	0.0154	
840.51	5508	0.0198	
840.93	5510	0.0198	
841.34	5513	0.0198	
841.76	5515	0.0178	
842.19	5518	0.0178	
842.61	5520	0.0175	
843.03	5523	0.0175	
843.45	5525	0.0175	
843.88	5528	0.0204	
844.30	5530	0.0204	
844.72	5533	0.0174	
845.15	5535	0.0174	
845.57	5538	0.0199	
845.99	5540	0.0199	
846.41	5543	0.0199	
846.83	5545	0.0154	
847.25	5548	0.0154	
847.66	5550	0.0197	
848.07	5553	0.0197	
848.49	5555	0.0197	
848.90	5558	0.0178	
849.31	5560	0.0178	
849.73	5563	0.0174	
850.14	5565	0.0174	
850.55	5568	0.0200	
850.96	5570	0.0200	
851.37	5573	0.0200	
851.79	5575	0.0177	
852.20	5578	0.0177	
852.62	5580	0.0200	
853.03	5583	0.0200	
853.45	5585	0.0200	
853.86	5588	0.0160	
854.28	5590	0.0160	
854.70	5593	0.0188	
855.12	5595	0.0188	
855.53	5598	0.0201	
855.94	5600	0.0201	
856.36	5603	0.0201	
856.77	5605	0.0180	
857.19	5608	0.0180	
857.61	5610	0.0201	
858.03	5613	0.0201	
858.44	5615	0.0201	
858.86	5618	0.0181	
859.28	5620	0.0181	
859.69	5623	0.0202	
860.11	5625	0.0202	
860.52	5628	0.0164	
860.94	5630	0.0164	
861.36	5633	0.0164	
861.77	5635	0.0190	
862.19	5638	0.0190	
862.60	5640	0.0207	
863.01	5643	0.0207	
863.43	5645	0.0207	
863.85	5648	0.0181	
864.27	5650	0.0181	
864.69	5653	0.0203	
865.12	5655	0.0203	
865.54	5658	0.0162	
865.96	5660	0.0162	
866.38	5663	0.0162	
866.79	5665	0.0203	
867.21	5668	0.0203	
867.62	5670	0.0161	
868.04	5673	0.0161	
868.45	5675	0.0161	
868.86	5678	0.0190	
869.27	5680	0.0190	
869.68	5683	0.0210	
870.09	5685	0.0210	
870.50	5688	0.0210	
870.90	5690	0.0181	
871.31	5693	0.0181	
871.71	5695	0.0204	
872.10	5698	0.0204	
872.48	5700	0.0204	
872.90	5703	0.0162	
873.31	5705	0.0162	
873.74	5708	0.0204	
874.16	5710	0.0204	
874.58	5713	0.0159	
875.00	5715	0.0159	
875.42	5718	0.0159	
875.83	5720	0.0190	
876.24	5723	0.0190	
876.66	5725	0.0208	
877.07	5728	0.0208	
877.49	5730	0.0208	
877.90	5733	0.0181	
878.32	5735	0.0181	
878.73	5738	0.0204	
879.15	5740	0.0204	
879.58	5743	0.0167	
879.99	5745	0.0167	
880.41	5748	0.0167	
880.83	5750	0.0205	
881.25	5753	0.0205	
881.67	5755	0.0168	
882.10	5758	0.0168	
882.51	5760	0.0193	
882.93	5763	0.0193	
883.35	5765	0.0193	
883.76	5768	0.0208	
884.18	5770	0.0208	
884.60	5773	0.0187	
885.01	5775	0.0187	
885.42	5778	0.0187	
885.84	5780	0.0207	
886.27	5783	0.0223	
886.69	5785	0.0223	
887.11	5788	0.0223	
887.54	5790	0.0223	
887.96	5793	0.0223	
888.39	5795	0.0223	
888.81	5798	0.0223	
889.23	5800	0.0223	
889.65	5803	0.0223	
890.06	5805	0.0223	
890.48	5808	0.0223	
890.89	5810	0.0223	
891.31	5813	0.0223	
891.73	5815	0.0223	
892.14	5818	0.0223	
892.56	5820	0.0223	
892.98	5823	0.0223	
893.40	5825	0.0223	
893.83	5828	0.0223	
894.23	5830	0.0223	
894.64	5833	0.0223	
895.07	5835	0.0223	
895.49	5838	0.0223	
895.92	5840	0.0223	
896.35	5843	0.0223	
896.77	5845	0.0223	
897.19	5848	0.0223	
897.62	5850	0.0223	
898.03	5853	0.0223	
898.45	5855	0.0223	
898.84	5858	0.0223	
899.17	5860	0.0223	
899.49	5863	0.0223	
899.76	5865	0.0223	
899.98	5868	0.0223	
900.16	5870	0.0223	
900.30	5873	0.0223	
900.42	5875	0.0223	
900.51	5878	0.0223	
900.57	5880	0.0223	
900.63	5883	0.0223	
900.66	5885	0.0223	
900.69	5888	0.0223	
900.71	5890	0.0223	
900.73	5893	0.0223	
900.74	5895	0.0223	
900.74	5898	0.0223	
900.75	5900	0.0223	
900.75	5903	0.0223	
900.75	5905	0.0223	
900.75	5908	0.0223	
900.75	5910	0.0223	
900.75	5913	0.0223	
900.74	5915	0.0223	
900.74	5918	0.0223	
900.74	5920	0.0223	
900.74	5923	0.0223	
900.74	5925	0.0223	
900.74	5928	0.0223	
900.73	5930	0.0223	
900.72	5933	0.0223	
900.72	5935	0.0223	
900.71	5938	0.0223	
900.70	5940	0.0223	
900.69	5943	0.0223	
900.69	5945	0.0223	
900.68	5948	0.0223	
900.68	5950	0.0223	
900.68	5953	0.0223	
900.68	5955	0.0223	
900.68	5958	0.0223	
900.67	5960	0.0223	
900.66	5963	0.0223	
900.65	5965	0.0223	
900.63	5968	0.0223	
900.62	5970	0.0223	
900.60	5973	0.0223	
900.59	5975	0.0223	
900.58	5978	0.0223	
900.57	5980	0.0223	
900.55	5983	0.0223	
900.55	5985	0.0223	
900.54	5988	0.0223	
900.52	5990	0.0223	
900.51	5993	0.0223	
900.50	5995	0.0223	
900.49	5998	0.0223	
900.48	6000	0.0223	
900.47	6003	0.0223	
900.45	6005	0.0223	
900.44	6008	0.0223	
900.42	6010	0.0223	
900.41	6013	0.0223	
900.40	6015	0.0223	
900.38	6018	0.0223	
900.37	6020	0.0223	
900.36	6023	0.0223	
900.35	6025	0.0223	
900.34	6028	0.0223	
900.33	6030	0.0223	
900.33	6033	0.0223	
900.32	6035	0.0223	
900.31	6038	0.0223	
900.30	6040	0.0223	
900.29	6043	0.0223	
900.29	6045	0.0223	
900.27	6048	0.0223	
900.27	6050	0.0223	
900.26	6053	0.0223	
900.25	6055	0.0223	
900.25	6058	0.0223	
900.24	6060	0.0223	
900.23	6063	0.0223	
900.23	6065	0.0223	
900.22	6068	0.0223	
900.20	6070	0.0223	
900.19	6073	0.0223	
900.18	6075	0.0223	
900.17	6078	0.0223	
900.16	6080	0.0223	
900.15	6083	0.0223	
900.14	6085	0.0223	
900.13	6088	0.0223	
900.13	6090	0.0223	
900.12	6093	0.0223	
900.12	6095	0.0223	
900.12	6098	0.0223	
900.13	6100	0.0223	
900.13	6103	0.0223	
900.13	6105	0.0223	
900.14	6108	0.0223	
900.14	6110	0.0223	
900.14	6113	0.0223	
900.14	6115	0.0223	
900.14	6118	0.0223	
900.14	6120	0.0223	
900.14	6123	0.0223	
900.14	6125	0.0223	
900.13	6128	0.0223	
900.13	6130	0.0223	
900.13	6133	0.0223	
900.13	6135	0.0223	
900.13	6138	0.0223	
900.13	6140	0.0223	
900.12	6143	0.0223	
900.12	6145	0.0223	
900.11	6148	0.0223	
900.11	6150	0.0223	
900.10	6153	0.0223	
900.10	6155	0.0223	
900.09	6158	0.0223	
900.09	6160	0.0223	
900.09	6163	0.0223	
900.09	6165	0.0223	
900.09	6168	0.0223	
900.10	6170	0.0223	
900.11	6173	0.0223	
900.12	6175	0.0223	
900.13	6178	0.0223	
900.13	6180	0.0223	
900.14	6183	0.0223	
900.14	6185	0.0223	
900.14	6188	0.0223	
900.14	6190	0.0223	
900.14	6193	0.0223	
900.13	6195	0.0223	
900.13	6198	0.0223	
900.13	6200	0.0223	
900.12	6203	0.0223	
900.12	6205	0.0223	
900.12	6208	0.0223	
900.12	6210	0.0223	
900.12	6213	0.0223	
900.12	6215	0.0223	
900.12	6218	0.0223	
900.12	6220	0.0223	
900.12	6223	0.0223	
900.13	6225	0.0223	
900.14	6228	0.0223	
900.15	6230	0.0223	
900.16	6233	0.0223	
900.17	6235	0.0223	
900.18	6238	0.0223	
900.18	6240	0.0223	
900.19	6243	0.0223	
900.19	6245	0.0223	
900.18	6248	0.0223	
900.18	6250	0.0223	
900.18	6253	0.0223	
900.18	6255	0.0223	
900.19	6258	0.0223	
900.19	6260	0.0223	
900.19	6263	0.0223	
900.18	6265	0.0223	
900.18	6268	0.0223	
900.18	6270	0.0223	
900.18	6273	0.0223	
900.18	6275	0.0223	
900.19	6278	0.0223	
900.19	6280	0.0223	
900.19	6283	0.0223	
900.20	6285	0.0223	
900.20	6288	0.0223	
900.21	6290	0.0223	
900.21	6293	0.0223	
900.21	6295	0.0223	
900.21	6298	0.0223	
900.22	6300	0.0223	
900.22	6303	0.0223	
900.21	6305	0.0223	
900.21	6308	0.0223	
900.21	6310	0.0223	
900.21	6313	0.0223	
900.21	6315	0.0223	
900.21	6318	0.0223	
900.20	6320	0.0223	
900.20	6323	0.0223	
900.21	6325	0.0223	
900.20	6328	0.0223	
900.20	6330	0.0223	
900.20	6333	0.0223	
900.20	6335	0.0223	
900.20	6338	0.0223	
900.20	6340	0.0223	
900.20	6343	0.0223	
900.20	6345	0.0223	
900.21	6348	0.0223	
900.21	6350	0.0223	
900.22	6353	0.0223	
900.22	6355	0.0223	
900.22	6358	0.0223	
900.22	6360	0.0223	
900.22	6363	0.0223	
900.22	6365	0.0223	
900.22	6368	0.0223	
900.21	6370	0.0223	
900.20	6373	0.0223	
900.19	6375	0.0223	
900.18	6378	0.0223	
900.18	6380	0.0223	
900.17	6383	0.0223	
900.17	6385	0.0223	
900.17	6388	0.0223	
900.17	6390	0.0223	
900.17	6393	0.0223	
900.18	6395	0.0223	
900.19	6398	0.0223	
900.20	6400	0.0223	
900.21	6403	0.0223	
900.21	6405	0.0223	
900.22	6408	0.0223	
900.21	6410	0.0223	
900.21	6413	0.0223	
900.21	6415	0.0223	
900.20	6418	0.0223	
900.20	6420	0.0223	
900.19	6423	0.0223	
900.19	6425	0.0223	
900.18	6428	0.0223	
900.18	6430	0.0223	
900.18	6433	0.0223	
900.19	6435	0.0223	
900.19	6438	0.0223	
900.19	6440	0.0223	
900.19	6443	0.0223	
900.19	6445	0.0223	
900.20	6448	0.0223	
900.20	6450	0.0223	
900.20	6453	0.0223	
900.20	6455	0.0223	
900.20	6458	0.0223	
900.20	6460	0.0223	
900.19	6463	0.0223	
900.19	6465	0.0223	
900.19	6468	0.0223	
900.18	6470	0.0223	
900.18	6473	0.0223	
900.17	6475	0.0223	
900.16	6478	0.0223	
900.16	6480	0.0223	
900.16	6483	0.0223	
900.15	6485	0.0223	
900.15	6488	0.0223	
900.15	6490	0.0223	
900.16	6493	0.0223	
900.17	6495	0.0223	
900.18	6498	0.0223	
900.19	6500	0.0223	
900.19	6503	0.0223	
900.20	6505	0.0223	
900.21	6508	0.0223	
900.21	6510	0.0223	
900.21	6513	0.0223	
900.22	6515	0.0223	
900.23	6518	0.0223	
900.24	6520	0.0223	
900.24	6523	0.0223	
900.25	6525	0.0223	
900.25	6528	0.0223	
900.25	6530	0.0223	
900.26	6533	0.0223	
900.27	6535	0.0223	
900.27	6538	0.0223	
900.27	6540	0.0223	
900.28	6543	0.0223	
900.28	6545	0.0223	
900.29	6548	0.0223	
900.29	6550	0.0223	
900.29	6553	0.0223	
900.29	6555	0.0223	
900.29	6558	0.0223	
900.29	6560	0.0223	
900.29	6563	0.0223	
900.29	6565	0.0223	
900.29	6568	0.0223	
900.29	6570	0.0223	
900.29	6573	0.0223	
900.29	6575	0.0223	
900.29	6578	0.0223	
900.29	6580	0.0223	
900.29	6583	0.0223	
900.30	6585	0.0223	
900.30	6588	0.0223	
900.30	6590	0.0223	
900.30	6593	0.0223	
900.30	6595	0.0223	
900.29	6598	0.0223	
900.29	6600	0.0223	
900.28	6603	0.0223	
900.27	6605	0.0223	
900.27	6608	0.0223	
900.26	6610	0.0223	
900.26	6613	0.0223	
900.27	6615	0.0223	
900.27	6618	0.0223	
900.27	6620	0.0223	
900.27	6623	0.0223	
900.27	6625	0.0223	
900.27	6628	0.0223	
900.27	6630	0.0223	
900.27	6633	0.0223	
900.27	6635	0.0223	
900.27	6638	0.0223	
900.27	6640	0.0223	
900.26	6643	0.0223	
900.26	6645	0.0223	
900.26	6648	0.0223	
900.25	6650	0.0223	
900.24	6653	0.0223	
900.24	6655	0.0223	
900.23	6658	0.0223	
900.22	6660	0.0223	
900.21	6663	0.0223	
900.21	6665	0.0223	
900.20	6668	0.0223	
900.20	6670	0.0223	
900.19	6673	0.0223	
900.19	6675	0.0223	
900.19	6678	0.0223	
900.19	6680	0.0223	
900.19	6683	0.0223	
900.18	6685	0.0223	
900.17	6688	0.0223	
900.17	6690	0.0223	
900.16	6693	0.0223	
900.16	6695	0.0223	
900.16	6698	0.0223	
900.16	6700	0.0223	
900.16	6703	0.0223	
900.17	6705	0.0223	
900.17	6708	0.0223	
900.17	6710	0.0223	
900.17	6713	0.0223	
900.18	6715	0.0223	
900.17	6718	0.0223	
900.17	6720	0.0223	
900.17	6723	0.0223	
900.16	6725	0.0223	
900.15	6728	0.0223	
900.14	6730	0.0223	
900.13	6733	0.0223	
900.12	6735	0.0223	
900.12	6738	0.0223	
900.11	6740	0.0223	
900.12	6743	0.0223	
900.12	6745	0.0223	
900.13	6748	0.0223	
900.13	6750	0.0223	
900.14	6753	0.0223	
900.15	6755	0.0223	
900.15	6758	0.0223	
900.15	6760	0.0223	
900.15	6763	0.0223	
900.15	6765	0.0223	
900.15	6768	0.0223	
900.14	6770	0.0223	
900.14	6773	0.0223	
900.13	6775	0.0223	
900.13	6778	0.0223	
900.13	6780	0.0223	
900.12	6783	0.0223	
900.11	6785	0.0223	
900.10	6788	0.0223	
900.09	6790	0.0223	
900.08	6793	0.0223	
900.07	6795	0.0223	
900.06	6798	0.0223	
900.05	6800	0.0223	
900.04	6803	0.0223	
900.04	6805	0.0223	
900.03	6808	0.0223	
900.02	6810	0.0223	
900.01	6813	0.0223	
900.01	6815	0.0223	
900.00	6818	0.0223	
900.00	6820	0.0223	
900.00	6823	0.0223	
900.00	6825	0.0223	
900.00	6828	0.0223	
900.01	6830	0.0223	
900.02	6833	0.0223	
900.02	6835	0.0223	
900.02	6838	0.0223	
900.03	6840	0.0223	
900.03	6843	0.0223	
900.03	6845	0.0223	
900.02	6848	0.0223	
900.02	6850	0.0223	
900.01	6853	0.0223	
900.01	6855	0.0223	
900.01	6858	0.0223	
900.01	6860	0.0223	
900.01	6863	0.0223	
900.01	6865	0.0223	
900.01	6868	0.0223	
900.01	6870	0.0223	
900.01	6873	0.0223	
900.01	6875	0.0223	
900.01	6878	0.0223	
900.01	6880	0.0223	
900.01	6883	0.0223	
900.01	6885	0.0223	
900.01	6888	0.0223	
900.01	6890	0.0223	
900.01	6893	0.0223	
900.02	6895	0.0223	
900.02	6898	0.0223	
900.02	6900	0.0223	
900.01	6903	0.0223	
900.01	6905	0.0223	
900.01	6908	0.0223	
900.01	6910	0.0223	
900.01	6913	0.0223	
900.01	6915	0.0223	
900.01	6918	0.0223	
900.00	6920	0.0223	
899.99	6923	0.0223	
899.99	6925	0.0223	
899.98	6928	0.0223	
899.98	6930	0.0223	
899.98	6933	0.0223	
899.98	6935	0.0223	
899.98	6938	0.0223	
899.98	6940	0.0223	
899.98	6943	0.0223	
899.99	6945	0.0223	
899.98	6948	0.0223	
899.98	6950	0.0223	
899.98	6953	0.0223	
899.98	6955	0.0223	
899.97	6958	0.0223	
899.96	6960	0.0223	
899.96	6963	0.0223	
899.95	6965	0.0223	
899.94	6968	0.0223	
899.93	6970	0.0223	
899.93	6973	0.0223	
899.93	6975	0.0223	
899.92	6978	0.0223	
899.92	6980	0.0223	
899.92	6983	0.0223	
899.92	6985	0.0223	
899.93	6988	0.0223	
899.93	6990	0.0223	
899.93	6993	0.0223	
899.93	6995	0.0223	
899.93	6998	0.0223	
899.93	7000	0.0223	
899.93	7003	0.0223	
899.93	7005	0.0223	
899.92	7008	0.0223	
899.92	7010	0.0223	
899.92	7013	0.0223	
899.92	7015	0.0223	
899.92	7018	0.0223	
899.92	7020	0.0223	
899.92	7023	0.0223	
899.91	7025	0.0223	
899.91	7028	0.0223	
899.91	7030	0.0223	
899.90	7033	0.0223	
899.91	7035	0.0223	
899.90	7038	0.0223	
899.90	7040	0.0223	
899.91	7043	0.0223	
899.91	7045	0.0223	
899.92	7048	0.0223	
899.92	7050	0.0223	
899.92	7053	0.0223	
899.92	7055	0.0223	
899.93	7058	0.0223	
899.93	7060	0.0223	
899.93	7063	0.0223	
899.94	7065	0.0223	
899.95	7068	0.0223	
899.95	7070	0.0223	
899.96	7073	0.0223	
899.97	7075	0.0223	
899.98	7078	0.0223	
899.99	7080	0.0223	
900.00	7083	0.0223	
900.01	7085	0.0223	
900.01	7088	0.0223	
900.02	7090	0.0223	
900.02	7093	0.0223	
900.02	7095	0.0223	
900.03	7098	0.0223	
900.03	7100	0.0223	
900.03	7103	0.0223	
900.04	7105	0.0223	
900.04	7108	0.0223	
900.04	7110	0.0223	
900.05	7113	0.0223	
900.05	7115	0.0223	
900.05	7118	0.0223	
900.05	7120	0.0223	
900.05	7123	0.0223	
900.05	7125	0.0223	
900.04	7128	0.0223	
900.04	7130	0.0223	
900.05	7133	0.0223	
900.05	7135	0.0223	
900.06	7138	0.0223	
900.06	7140	0.0223	
900.07	7143	0.0223	
900.07	7145	0.0223	
900.07	7148	0.0223	
900.07	7150	0.0223	
900.08	7153	0.0223	
900.08	7155	0.0223	
900.09	7158	0.0223	
900.09	7160	0.0223	
900.08	7163	0.0223	
900.08	7165	0.0223	
900.08	7168	0.0223	
900.07	7170	0.0223	
900.07	7173	0.0223	
900.06	7175	0.0223	
900.06	7178	0.0223	
900.06	7180	0.0223	
900.06	7183	0.0223	
900.06	7185	0.0223	
900.06	7188	0.0223	
900.07	7190	0.0223	
900.07	7193	0.0223	
900.07	7195	0.0223	
900.07	7198	0.0223	
900.08	7200	0.0223	
900.08	7203	0.0223	
900.07	7205	0.0223	
900.07	7208	0.0223	
900.07	7210	0.0223	
900.06	7213	0.0223	
900.06	7215	0.0223	
900.05	7218	0.0223	
900.06	7220	0.0223	
900.06	7223	0.0223	
900.07	7225	0.0223	
900.07	7228	0.0223	
900.07	7230	0.0223	
900.08	7233	0.0223	
900.08	7235	0.0223	
900.09	7238	0.0223	
900.09	7240	0.0223	
900.10	7243	0.0223	
900.10	7245	0.0223	
900.11	7248	0.0223	
900.11	7250	0.0223	
900.12	7253	0.0223	
900.12	7255	0.0223	
900.12	7258	0.0223	
900.12	7260	0.0223	
900.12	7263	0.0223	
900.12	7265	0.0223	
900.12	7268	0.0223	
900.12	7270	0.0223	
900.11	7273	0.0223	
900.11	7275	0.0223	
900.10	7278	0.0223	
900.10	7280	0.0223	
900.10	7283	0.0223	
900.10	7285	0.0223	
900.10	7288	0.0223	
900.11	7290	0.0223	
900.11	7293	0.0223	
900.11	7295	0.0223	
900.12	7298	0.0223	
900.12	7300	0.0223	
900.12	7303	0.0223	
900.13	7305	0.0223	
900.13	7308	0.0223	
900.14	7310	0.0223	
900.14	7313	0.0223	
900.14	7315	0.0223	
900.15	7318	0.0223	
900.15	7320	0.0223	
900.15	7323	0.0223	
900.16	7325	0.0223	
900.16	7328	0.0223	
900.16	7330	0.0223	
900.16	7333	0.0223	
900.16	7335	0.0223	
900.16	7338	0.0223	
900.15	7340	0.0223	
900.15	7343	0.0223	
900.15	7345	0.0223	
900.16	7348	0.0223	
900.16	7350	0.0223	
900.16	7353	0.0223	
900.17	7355	0.0223	
900.17	7358	0.0223	
900.18	7360	0.0223	
900.19	7363	0.0223	
900.19	7365	0.0223	
900.20	7368	0.0223	
900.21	7370	0.0223	
900.21	7373	0.0223	
900.20	7375	0.0223	
900.20	7378	0.0223	
900.19	7380	0.0223	
900.19	7383	0.0223	
900.19	7385	0.0223	
900.18	7388	0.0223	
900.19	7390	0.0223	
900.19	7393	0.0223	
900.19	7395	0.0223	
900.19	7398	0.0223	
900.19	7400	0.0223	
900.19	7403	0.0223	
900.20	7405	0.0223	
900.20	7408	0.0223	
900.20	7410	0.0223	
900.20	7413	0.0223	
900.21	7415	0.0223	
900.21	7418	0.0223	
900.21	7420	0.0223	
900.22	7423	0.0223	
900.22	7425	0.0223	
900.23	7428	0.0223	
900.22	7430	0.0223	
900.23	7433	0.0223	
900.23	7435	0.0223	
900.23	7438	0.0223	
900.23	7440	0.0223	
900.24	7443	0.0223	
900.24	7445	0.0223	
900.24	7448	0.0223	
900.25	7450	0.0223	
900.25	7453	0.0223	
900.25	7455	0.0223	
900.25	7458	0.0223	
900.24	7460	0.0223	
900.24	7463	0.0223	
900.24	7465	0.0223	
900.23	7468	0.0223	
900.23	7470	0.0223	
900.22	7473	0.0223	
900.22	7475	0.0223	
900.21	7478	0.0223	
900.21	7480	0.0223	
900.20	7483	0.0223	
900.20	7485	0.0223	
900.20	7488	0.0223	
900.20	7490	0.0223	
900.20	7493	0.0223	
900.20	7495	0.0223	
900.20	7498	0.0223	
900.21	7500	0.0223	
900.21	7503	0.0223	
900.21	7505	0.0223	
900.21	7508	0.0223	
900.21	7510	0.0223	
900.20	7513	0.0223	
900.20	7515	0.0223	
900.20	7518	0.0223	
900.20	7520	0.0223	
900.20	7523	0.0223	
900.20	7525	0.0223	
900.20	7528	0.0223	
900.20	7530	0.0223	
900.21	7533	0.0223	
900.22	7535	0.0223	
900.22	7538	0.0223	
900.22	7540	0.0223	
900.22	7543	0.0223	
900.22	7545	0.0223	
900.21	7548	0.0223	
900.21	7550	0.0223	
900.20	7553	0.0223	
900.18	7555	0.0223	
900.17	7558	0.0223	
900.16	7560	0.0223	
900.14	7563	0.0223	
900.13	7565	0.0223	
900.13	7568	0.0223	
900.12	7570	0.0223	
900.11	7573	0.0223	
900.11	7575	0.0223	
900.11	7578	0.0223	
900.10	7580	0.0223	
900.10	7583	0.0223	
900.10	7585	0.0223	
900.10	7588	0.0223	
900.10	7590	0.0223	
900.10	7593	0.0223	
900.11	7595	0.0223	
900.11	7598	0.0223	
900.11	7600	0.0223	
900.11	7603	0.0223	
900.11	7605	0.0223	
900.12	7608	0.0223	
900.12	7610	0.0223	
900.13	7613	0.0223	
900.13	7615	0.0223	
900.14	7618	0.0223	
900.14	7620	0.0223	
900.15	7623	0.0223	
900.14	7625	0.0223	
900.14	7628	0.0223	
900.13	7630	0.0223	
900.12	7633	0.0223	
900.11	7635	0.0223	
900.10	7638	0.0223	
900.09	7640	0.0223	
900.07	7643	0.0223	
900.06	7645	0.0223	
900.04	7648	0.0223	
900.03	7650	0.0223	
900.02	7653	0.0223	
900.02	7655	0.0223	
900.01	7658	0.0223	
900.00	7660	0.0223	
899.99	7663	0.0223	
899.98	7665	0.0223	
899.98	7668	0.0223	
899.97	7670	0.0223	
899.97	7673	0.0223	
899.97	7675	0.0223	
899.96	7678	0.0223	
899.96	7680	0.0223	
899.96	7683	0.0223	
899.96	7685	0.0223	
899.96	7688	0.0223	
899.96	7690	0.0223	
899.97	7693	0.0223	
899.97	7695	0.0223	
899.97	7698	0.0223	
899.97	7700	0.0223	
899.97	7703	0.0223	
899.97	7705	0.0223	
899.97	7708	0.0223	
899.97	7710	0.0223	
899.97	7713	0.0223	
899.97	7715	0.0223	
899.96	7718	0.0223	
899.95	7720	0.0223	
899.95	7723	0.0223	
899.95	7725	0.0223	
899.94	7728	0.0223	
899.94	7730	0.0223	
899.94	7733	0.0223	
899.94	7735	0.0223	
899.94	7738	0.0223	
899.95	7740	0.0223	
899.95	7743	0.0223	
899.95	7745	0.0223	
899.95	7748	0.0223	
899.95	7750	0.0223	
899.96	7753	0.0223	
899.96	7755	0.0223	
899.96	7758	0.0223	
899.97	7760	0.0223	
899.97	7763	0.0223	
899.97	7765	0.0223	
899.97	7768	0.0223	
899.97	7770	0.0223	
899.97	7773	0.0223	
899.97	7775	0.0223	
899.97	7778	0.0223	
899.97	7780	0.0223	
899.97	7783	0.0223	
899.97	7785	0.0223	
899.96	7788	0.0223	
899.96	7790	0.0223	
899.96	7793	0.0223	
899.96	7795	0.0223	
899.96	7798	0.0223	
899.96	7800	0.0223	
899.96	7803	0.0223	
899.96	7805	0.0223	
899.96	7808	0.0223	
899.96	7810	0.0223	
899.96	7813	0.0223	
899.95	7815	0.0223	
899.95	7818	0.0223	
899.95	7820	0.0223	
899.95	7823	0.0223	
899.94	7825	0.0223	
899.93	7828	0.0223	
899.92	7830	0.0223	
899.92	7833	0.0223	
899.92	7835	0.0223	
899.92	7838	0.0223	
899.91	7840	0.0223	
899.90	7843	0.0223	
899.90	7845	0.0223	
899.90	7848	0.0223	
899.89	7850	0.0223	
899.89	7853	0.0223	
899.88	7855	0.0223	
899.87	7858	0.0223	
899.87	7860	0.0223	
899.86	7863	0.0223	
899.85	7865	0.0223	
899.84	7868	0.0223	
899.84	7870	0.0223	
899.84	7873	0.0223	
899.84	7875	0.0223	
899.84	7878	0.0223	
899.84	7880	0.0223	
899.84	7883	0.0223	
899.85	7885	0.0223	
899.85	7888	0.0223	
899.86	7890	0.0223	
899.87	7893	0.0223	
899.88	7895	0.0223	
899.88	7898	0.0223	
899.89	7900	0.0223	
899.89	7903	0.0223	
899.90	7905	0.0223	
899.90	7908	0.0223	
899.90	7910	0.0223	
899.90	7913	0.0223	
899.89	7915	0.0223	
899.88	7918	0.0223	
899.87	7920	0.0223	
899.86	7923	0.0223	
899.85	7925	0.0223	
899.84	7928	0.0223	
899.83	7930	0.0223	
899.82	7933	0.0223	
899.81	7935	0.0223	
899.80	7938	0.0223	
899.79	7940	0.0223	
899.78	7943	0.0223	
899.77	7945	0.0223	
899.76	7948	0.0223	
899.76	7950	0.0223	
899.76	7953	0.0223	
899.76	7955	0.0223	
899.76	7958	0.0223	
899.76	7960	0.0223	
899.77	7963	0.0223	
899.77	7965	0.0223	
899.78	7968	0.0223	
899.79	7970	0.0223	
899.79	7973	0.0223	
899.80	7975	0.0223	
899.80	7978	0.0223	
899.81	7980	0.0223	
899.81	7983	0.0223	
899.82	7985	0.0223	
899.82	7988	0.0223	
899.83	7990	0.0223	
899.84	7993	0.0223	
899.85	7995	0.0223	
899.85	7998	0.0223	
899.86	8000	0.0223	
899.86	8003	0.0223	
899.86	8005	0.0223	
899.87	8008	0.0223	
899.87	8010	0.0223	
899.87	8013	0.0223	
899.87	8015	0.0223	
899.87	8018	0.0223	
899.88	8020	0.0223	
899.88	8023	0.0223	
899.88	8025	0.0223	
899.89	8028	0.0223	
899.89	8030	0.0223	
899.90	8033	0.0223	
899.90	8035	0.0223	
899.91	8038	0.0223	
899.91	8040	0.0223	
899.92	8043	0.0223	
899.93	8045	0.0223	
899.93	8048	0.0223	
899.94	8050	0.0223	
899.95	8053	0.0223	
899.95	8055	0.0223	
899.95	8058	0.0223	
899.96	8060	0.0223	
899.97	8063	0.0223	
899.97	8065	0.0223	
899.97	8068	0.0223	
899.97	8070	0.0223	
899.97	8073	0.0223	
899.97	8075	0.0223	
899.96	8078	0.0223	
899.95	8080	0.0223	
899.95	8083	0.0223	
899.95	8085	0.0223	
899.94	8088	0.0223	
899.94	8090	0.0223	
899.94	8093	0.0223	
899.94	8095	0.0223	
899.94	8098	0.0223	
899.94	8100	0.0223	
899.94	8103	0.0223	
899.94	8105	0.0223	
899.94	8108	0.0223	
899.93	8110	0.0223	
899.93	8113	0.0223	
899.94	8115	0.0223	
899.94	8118	0.0223	
899.94	8120	0.0223	
899.94	8123	0.0223	
899.95	8125	0.0223	
899.94	8128	0.0223	
899.94	8130	0.0223	
899.94	8133	0.0223	
899.94	8135	0.0223	
899.94	8138	0.0223	
899.94	8140	0.0223	
899.94	8143	0.0223	
899.95	8145	0.0223	
899.96	8148	0.0223	
899.97	8150	0.0223	
899.99	8153	0.0223	
900.00	8155	0.0223	
900.01	8158	0.0223	
900.01	8160	0.0223	
900.02	8163	0.0223	
900.03	8165	0.0223	
900.03	8168	0.0223	
900.03	8170	0.0223	
900.04	8173	0.0223	
900.05	8175	0.0223	
900.06	8178	0.0223	
900.06	8180	0.0223	
900.07	8183	0.0223	
900.07	8185	0.0223	
900.08	8188	0.0223	
900.08	8190	0.0223	
900.08	8193	0.0223	
900.08	8195	0.0223	
900.08	8198	0.0223	
900.08	8200	0.0223	
900.08	8203	0.0223	
900.09	8205	0.0223	
900.10	8208	0.0223	
900.11	8210	0.0223	
900.11	8213	0.0223	
900.12	8215	0.0223	
900.13	8218	0.0223	
900.14	8220	0.0223	
900.15	8223	0.0223	
900.15	8225	0.0223	
900.16	8228	0.0223	
900.17	8230	0.0223	
900.17	8233	0.0223	
900.18	8235	0.0223	
900.19	8238	0.0223	
900.20	8240	0.0223	
900.21	8243	0.0223	
900.22	8245	0.0223	
900.23	8248	0.0223	
900.24	8250	0.0223	
900.24	8253	0.0223	
900.25	8255	0.0223	
900.25	8258	0.0223	
900.25	8260	0.0223	
900.25	8263	0.0223	
900.24	8265	0.0223	
900.23	8268	0.0223	
900.22	8270	0.0223	
900.21	8273	0.0223	
900.20	8275	0.0223	
900.19	8278	0.0223	
900.19	8280	0.0223	
900.18	8283	0.0223	
900.17	8285	0.0223	
900.17	8288	0.0223	
900.16	8290	0.0223	
900.15	8293	0.0223	
900.15	8295	0.0223	
900.14	8298	0.0223	
900.13	8300	0.0223	
900.13	8303	0.0223	
900.12	8305	0.0223	
900.11	8308	0.0223	
900.10	8310	0.0223	
900.09	8313	0.0223	
900.08	8315	0.0223	
900.07	8318	0.0223	
900.06	8320	0.0223	
900.05	8323	0.0223	
900.04	8325	0.0223	
900.03	8328	0.0223	
900.03	8330	0.0223	
900.02	8333	0.0223	
900.02	8335	0.0223	
900.01	8338	0.0223	
900.01	8340	0.0223	
900.01	8343	0.0223	
900.00	8345	0.0223	
900.00	8348	0.0223	
900.01	8350	0.0223	
900.01	8353	0.0223	
900.01	8355	0.0223	
900.01	8358	0.0223	
900.02	8360	0.0223	
900.02	8363	0.0223	
900.03	8365	0.0223	
900.03	8368	0.0223	
900.04	8370	0.0223	
900.04	8373	0.0223	
900.04	8375	0.0223	
900.04	8378	0.0223	
900.04	8380	0.0223	
900.04	8383	0.0223	
900.03	8385	0.0223	
900.03	8388	0.0223	
900.03	8390	0.0223	
900.02	8393	0.0223	
900.02	8395	0.0223	
900.03	8398	0.0223	
900.03	8400	0.0223	
900.03	8403	0.0223	
900.04	8405	0.0223	
900.04	8408	0.0223	
900.05	8410	0.0223	
900.06	8413	0.0223	
900.07	8415	0.0223	
900.07	8418	0.0223	
900.07	8420	0.0223	
900.07	8423	0.0223	
900.08	8425	0.0223	
900.08	8428	0.0223	
900.09	8430	0.0223	
900.09	8433	0.0223	
900.10	8435	0.0223	
900.11	8438	0.0223	
900.13	8440	0.0223	
900.14	8443	0.0223	
900.15	8445	0.0223	
900.16	8448	0.0223	
900.17	8450	0.0223	
900.18	8453	0.0223	
900.19	8455	0.0223	
900.20	8458	0.0223	
900.21	8460	0.0223	
900.21	8463	0.0223	
900.22	8465	0.0223	
900.23	8468	0.0223	
900.23	8470	0.0223	
900.23	8473	0.0223	
900.23	8475	0.0223	
900.24	8478	0.0223	
900.24	8480	0.0223	
900.25	8483	0.0223	
900.25	8485	0.0223	
900.25	8488	0.0223	
900.25	8490	0.0223	
900.25	8493	0.0223	
900.25	8495	0.0223	
900.25	8498	0.0223	
900.25	8500	0.0223	
900.25	8503	0.0223	
900.26	8505	0.0223	
900.26	8508	0.0223	
900.26	8510	0.0223	
900.27	8513	0.0223	
900.27	8515	0.0223	
900.28	8518	0.0223	
900.28	8520	0.0223	
900.28	8523	0.0223	
900.29	8525	0.0223	
900.30	8528	0.0223	
900.30	8530	0.0223	
900.31	8533	0.0223	
900.32	8535	0.0223	
900.33	8538	0.0223	
900.35	8540	0.0223	
900.36	8543	0.0223	
900.37	8545	0.0223	
900.37	8548	0.0223	
900.37	8550	0.0223	
900.37	8553	0.0223	
900.36	8555	0.0223	
900.35	8558	0.0223	
900.34	8560	0.0223	
900.33	8563	0.0223	
900.32	8565	0.0223	
900.30	8568	0.0223	
900.29	8570	0.0223	
900.28	8573	0.0223	
900.27	8575	0.0223	
900.26	8578	0.0223	
900.24	8580	0.0223	
900.23	8583	0.0223	
900.22	8585	0.0223	
900.21	8588	0.0223	
900.21	8590	0.0223	
900.20	8593	0.0223	
900.19	8595	0.0223	
900.18	8598	0.0223	
900.17	8600	0.0223	
900.16	8603	0.0223	
900.15	8605	0.0223	
900.14	8608	0.0223	
900.13	8610	0.0223	
900.12	8613	0.0223	
900.10	8615	0.0223	
900.09	8618	0.0223	
900.07	8620	0.0223	
900.05	8623	0.0223	
900.03	8625	0.0223	
900.02	8628	0.0223	
900.00	8630	0.0223	
899.99	8633	0.0223	
899.98	8635	0.0223	
899.97	8638	0.0223	
899.96	8640	0.0223	
899.95	8643	0.0223	
899.94	8645	0.0223	
899.93	8648	0.0223	
899.93	8650	0.0223	
899.92	8653	0.0223	
899.91	8655	0.0223	
899.90	8658	0.0223	
899.90	8660	0.0223	
899.89	8663	0.0223	
899.90	8665	0.0223	
899.90	8668	0.0223	
899.91	8670	0.0223	
899.92	8673	0.0223	
899.93	8675	0.0223	
899.94	8678	0.0223	
899.96	8680	0.0223	
899.96	8683	0.0223	
899.97	8685	0.0223	
899.98	8688	0.0223	
899.99	8690	0.0223	
900.00	8693	0.0223	
900.00	8695	0.0223	
900.01	8698	0.0223	
900.02	8700	0.0223	
900.02	8703	0.0223	
900.03	8705	0.0223	
900.02	8708	0.0223	
900.02	8710	0.0223	
900.02	8713	0.0223	
900.02	8715	0.0223	
900.01	8718	0.0223	
900.01	8720	0.0223	
900.01	8723	0.0223	
900.01	8725	0.0223	
900.01	8728	0.0223	
900.00	8730	0.0223	
900.00	8733	0.0223	
900.00	8735	0.0223	
900.00	8738	0.0223	
900.00	8740	0.0223	
900.00	8743	0.0223	
900.00	8745	0.0223	
900.00	8748	0.0223	
900.01	8750	0.0223	
900.01	8753	0.0223	
900.01	8755	0.0223	
900.01	8758	0.0223	
900.01	8760	0.0223	
900.01	8763	0.0223	
900.02	8765	0.0223	
900.02	8768	0.0223	
900.03	8770	0.0223	
900.04	8773	0.0223	
900.05	8775	0.0223	
900.05	8778	0.0223	
900.06	8780	0.0223	
900.07	8783	0.0223	
900.08	8785	0.0223	
900.10	8788	0.0223	
900.10	8790	0.0223	
900.11	8793	0.0223	
900.12	8795	0.0223	
900.12	8798	0.0223	
900.13	8800	0.0223	
900.13	8803	0.0223	
900.14	8805	0.0223	
900.13	8808	0.0223	
900.13	8810	0.0223	
900.13	8813	0.0223	
900.12	8815	0.0223	
900.12	8818	0.0223	
900.11	8820	0.0223	
900.10	8823	0.0223	
900.10	8825	0.0223	
900.09	8828	0.0223	
900.09	8830	0.0223	
900.08	8833	0.0223	
900.08	8835	0.0223	
900.07	8838	0.0223	
900.07	8840	0.0223	
900.07	8843	0.0223	
900.06	8845	0.0223	
900.06	8848	0.0223	
900.06	8850	0.0223	
900.06	8853	0.0223	
900.06	8855	0.0223	
900.07	8858	0.0223	
900.07	8860	0.0223	
900.07	8863	0.0223	
900.07	8865	0.0223	
900.07	8868	0.0223	
900.07	8870	0.0223	
900.07	8873	0.0223	
900.08	8875	0.0223	
900.08	8878	0.0223	
900.08	8880	0.0223	
900.08	8883	0.0223	
900.09	8885	0.0223	
900.10	8888	0.0223	
900.10	8890	0.0223	
900.11	8893	0.0223	
900.12	8895	0.0223	
900.12	8898	0.0223	
900.12	8900	0.0223	
900.12	8903	0.0223	
900.12	8905	0.0223	
900.11	8908	0.0223	
900.10	8910	0.0223	
900.09	8913	0.0223	
900.09	8915	0.0223	
900.07	8918	0.0223	
900.06	8920	0.0223	
900.06	8923	0.0223	
900.05	8925	0.0223	
900.05	8928	0.0223	
900.04	8930	0.0223	
900.05	8933	0.0223	
900.05	8935	0.0223	
900.05	8938	0.0223	
900.05	8940	0.0223	
900.05	8943	0.0223	
900.05	8945	0.0223	
900.05	8948	0.0223	
900.05	8950	0.0223	
900.06	8953	0.0223	
900.06	8955	0.0223	
900.06	8958	0.0223	
900.06	8960	0.0223	
900.07	8963	0.0223	
900.07	8965	0.0223	
900.07	8968	0.0223	
900.07	8970	0.0223	
900.07	8973	0.0223	
900.06	8975	0.0223	
900.06	8978	0.0223	
900.05	8980	0.0223	
900.05	8983	0.0223	
900.04	8985	0.0223	
900.04	8988	0.0223	
900.03	8990	0.0223	
900.02	8993	0.0223	
900.00	8995	0.0223	
899.99	8998	0.0223	
899.98	9000	0.0223	
899.97	9003	0.0223	
899.96	9005	0.0223	
899.96	9008	0.0223	
899.95	9010	0.0223	
899.95	9013	0.0223	
899.95	9015	0.0223	
899.95	9018	0.0223	
899.95	9020	0.0223	
899.95	9023	0.0223	
899.95	9025	0.0223	
899.95	9028	0.0223	
899.95	9030	0.0223	
899.94	9033	0.0223	
899.94	9035	0.0223	
899.94	9038	0.0223	
899.94	9040	0.0223	
899.94	9043	0.0223	
899.95	9045	0.0223	
899.96	9048	0.0223	
899.97	9050	0.0223	
899.97	9053	0.0223	
899.98	9055	0.0223	
900.00	9058	0.0223	
900.01	9060	0.0223	
900.01	9063	0.0223	
900.02	9065	0.0223	
900.04	9068	0.0223	
900.05	9070	0.0223	
900.07	9073	0.0223	
900.09	9075	0.0223	
900.11	9078	0.0223	
900.13	9080	0.0223	
900.15	9083	0.0223	
900.16	9085	0.0223	
900.17	9088	0.0223	
900.18	9090	0.0223	
900.18	9093	0.0223	
900.18	9095	0.0223	
900.18	9098	0.0223	
900.18	9100	0.0223	
900.17	9103	0.0223	
900.16	9105	0.0223	
900.15	9108	0.0223	
900.14	9110	0.0223	
900.13	9113	0.0223	
900.13	9115	0.0223	
900.13	9118	0.0223	
900.13	9120	0.0223	
900.13	9123	0.0223	
900.14	9125	0.0223	
900.15	9128	0.0223	
900.16	9130	0.0223	
900.17	9133	0.0223	
900.17	9135	0.0223	
900.18	9138	0.0223	
900.17	9140	0.0223	
900.17	9143	0.0223	
900.16	9145	0.0223	
900.16	9148	0.0223	
900.15	9150	0.0223	
900.14	9153	0.0223	
900.13	9155	0.0223	
900.13	9158	0.0223	
900.12	9160	0.0223	
900.11	9163	0.0223	
900.10	9165	0.0223	
900.09	9168	0.0223	
900.09	9170	0.0223	
900.08	9173	0.0223	
900.08	9175	0.0223	
900.08	9178	0.0223	
900.08	9180	0.0223	
900.08	9183	0.0223	
900.09	9185	0.0223	
900.08	9188	0.0223	
900.08	9190	0.0223	
900.08	9193	0.0223	
900.08	9195	0.0223	
900.08	9198	0.0223	
900.07	9200	0.0223	
900.06	9203	0.0223	
900.05	9205	0.0223	
900.04	9208	0.0223	
900.03	9210	0.0223	
900.02	9213	0.0223	
900.00	9215	0.0223	
899.99	9218	0.0223	
899.97	9220	0.0223	
899.96	9223	0.0223	
899.95	9225	0.0223	
899.95	9228	0.0223	
899.94	9230	0.0223	
899.94	9233	0.0223	
899.94	9235	0.0223	
899.95	9238	0.0223	
899.95	9240	0.0223	
899.95	9243	0.0223	
899.95	9245	0.0223	
899.95	9248	0.0223	
899.95	9250	0.0223	
899.95	9253	0.0223	
899.95	9255	0.0223	
899.95	9258	0.0223	
899.96	9260	0.0223	
899.96	9263	0.0223	
899.95	9265	0.0223	
899.95	9268	0.0223	
899.95	9270	0.0223	
899.95	9273	0.0223	
899.96	9275	0.0223	
899.96	9278	0.0223	
899.96	9280	0.0223	
899.97	9283	0.0223	
899.97	9285	0.0223	
899.98	9288	0.0223	
899.98	9290	0.0223	
899.99	9293	0.0223	
899.99	9295	0.0223	
899.99	9298	0.0223	
899.99	9300	0.0223	
899.99	9303	0.0223	
899.99	9305	0.0223	
899.99	9308	0.0223	
899.98	9310	0.0223	
899.98	9313	0.0223	
899.98	9315	0.0223	
899.98	9318	0.0223	
899.97	9320	0.0223	
899.97	9323	0.0223	
899.97	9325	0.0223	
899.97	9328	0.0223	
899.96	9330	0.0223	
899.96	9333	0.0223	
899.96	9335	0.0223	
899.97	9338	0.0223	
899.97	9340	0.0223	
899.98	9343	0.0223	
899.99	9345	0.0223	
900.00	9348	0.0223	
900.01	9350	0.0223	
900.02	9353	0.0223	
900.03	9355	0.0223	
900.04	9358	0.0223	
900.06	9360	0.0223	
900.08	9363	0.0223	
900.09	9365	0.0223	
900.10	9368	0.0223	
900.11	9370	0.0223	
900.12	9373	0.0223	
900.13	9375	0.0223	
900.13	9378	0.0223	
900.13	9380	0.0223	
900.13	9383	0.0223	
900.12	9385	0.0223	
900.12	9388	0.0223	
900.11	9390	0.0223	
900.11	9393	0.0223	
900.10	9395	0.0223	
900.10	9398	0.0223	
900.09	9400	0.0223	
900.09	9403	0.0223	
900.08	9405	0.0223	
900.07	9408	0.0223	
900.06	9410	0.0223	
900.05	9413	0.0223	
900.05	9415	0.0223	
900.04	9418	0.0223	
900.04	9420	0.0223	
900.03	9423	0.0223	
900.03	9425	0.0223	
900.03	9428	0.0223	
900.04	9430	0.0223	
900.04	9433	0.0223	
900.05	9435	0.0223	
900.05	9438	0.0223	
900.06	9440	0.0223	
900.06	9443	0.0223	
900.07	9445	0.0223	
900.07	9448	0.0223	
900.08	9450	0.0223	
900.08	9453	0.0223	
900.08	9455	0.0223	
900.05	9458	0.0223	
899.96	9460	0.0223	
899.80	9463	0.0223	
899.55	9465	0.0223	
899.22	9468	0.0223	
898.81	9470	0.0223	
898.32	9473	0.0223	
897.78	9475	0.0223	
897.18	9478	0.0223	
896.50	9480	0.0223	
895.79	9483	0.0223	
895.08	9485	0.0223	
894.35	9488	0.0223	
893.60	9490	0.0223	
892.84	9493	0.0223	
892.05	9495	0.0223	
891.26	9498	0.0223	
890.46	9500	0.0223	
889.65	9503	0.0223	
888.84	9505	0.0223	
888.02	9508	0.0223	
887.20	9510	0.0223	
886.37	9513	0.0223	
885.54	9515	0.0235	
884.71	9518	0.0192	
883.87	9520	0.0205	
883.03	9523	0.0219	
882.19	9525	0.0233	
881.35	9528	0.0191	
880.50	9530	0.0212	
879.66	9533	0.0212	
878.82	9535	0.0233	
877.97	9538	0.0189	
877.12	9540	0.0203	
876.28	9543	0.0217	
875.43	9545	0.0231	
874.58	9548	0.0231	
873.73	9550	0.0187	
872.88	9553	0.0192	
872.02	9555	0.0196	
871.17	9558	0.0201	
870.32	9560	0.0212	
869.47	9563	0.0222	
868.61	9565	0.0222	
867.76	9568	0.0233	
866.91	9570	0.0183	
866.06	9573	0.0188	
865.21	9575	0.0193	
864.36	9578	0.0198	
863.51	9580	0.0198	
862.66	9583	0.0209	
861.81	9585	0.0221	
860.96	9588	0.0232	
860.11	9590	0.0181	
859.26	9593	0.0194	
858.41	9595	0.0207	
857.55	9598	0.0207	
856.70	9600	0.0220	
855.85	9603	0.0154	
855.00	9605	0.0192	
854.15	9608	0.0229	
853.30	9610	0.0181	
852.45	9613	0.0193	
851.59	9615	0.0193	
850.74	9618	0.0206	
849.88	9620	0.0219	
849.03	9623	0.0153	
848.17	9625	0.0188	
847.32	9628	0.0224	
846.46	9630	0.0181	
845.61	9633	0.0181	
844.75	9635	0.0192	
843.89	9638	0.0203	
843.04	9640	0.0214	
842.18	9643	0.0153	
841.33	9645	0.0187	
840.47	9648	0.0222	
839.63	9650	0.0222	
838.78	9653	0.0179	
837.93	9655	0.0190	
837.09	9658	0.0202	
836.24	9660	0.0213	
835.40	9663	0.0153	
834.55	9665	0.0153	
833.71	9668	0.0186	
832.86	9670	0.0218	
832.02	9673	0.0178	
831.18	9675	0.0188	
830.33	9678	0.0199	
829.49	9680	0.0209	
828.64	9683	0.0209	
827.79	9685	0.0151	
826.94	9688	0.0184	
826.09	9690	0.0216	
825.24	9693	0.0174	
824.39	9695	0.0186	
823.54	9698	0.0186	
822.69	9700	0.0198	
821.85	9703	0.0210	
821.00	9705	0.0148	
820.16	9708	0.0181	
819.32	9710	0.0214	
818.47	9713	0.0170	
817.63	9715	0.0170	
816.79	9718	0.0182	
815.95	9720	0.0194	
815.11	9723	0.0206	
814.28	9725	0.0141	
813.44	9728	0.0179	
812.61	9730	0.0179	
811.77	9733	0.0216	
810.94	9735	0.0168	
810.11	9738	0.0180	
809.28	9740	0.0192	
808.44	9743	0.0205	
807.61	9745	0.0205	
806.77	9748	0.0141	
805.94	9750	0.0178	
805.10	9753	0.0215	
804.27	9755	0.0166	
803.43	9758	0.0178	
802.59	9760	0.0178	
801.75	9763	0.0191	
800.91	9765	0.0203	
800.08	9768	0.0138	
799.24	9770	0.0174	
798.40	9773	0.0210	
797.57	9775	0.0210	
796.73	9778	0.0166	
795.90	9780	0.0177	
795.06	9783	0.0189	
794.23	9785	0.0200	
793.40	9788	0.0137	
792.56	9790	0.0137	
791.73	9793	0.0171	
790.90	9795	0.0206	
790.06	9798	0.0166	
789.23	9800	0.0177	
788.40	9803	0.0188	
787.56	9805	0.0188	
786.73	9808	0.0200	
785.90	9810	0.0139	
785.07	9813	0.0171	
784.24	9815	0.0203	
783.41	9818	0.0165	
782.58	9820	0.0165	
781.75	9823	0.0176	
780.92	9825	0.0187	
780.09	9828	0.0198	
779.26	9830	0.0136	
778.43	9833	0.0169	
777.60	9835	0.0169	
776.76	9838	0.0201	
775.93	9840	0.0163	
775.11	9843	0.0174	
774.27	9845	0.0185	
773.44	9848	0.0195	
772.61	9850	0.0195	
771.78	9853	0.0135	
770.94	9855	0.0169	
770.10	9858	0.0203	
769.27	9860	0.0161	
768.42	9863	0.0171	
767.61	9865	0.0171	
766.78	9868	0.0182	
765.95	9870	0.0192	
765.11	9873	0.0131	
764.28	9875	0.0166	
763.44	9878	0.0202	
762.61	9880	0.0202	
761.78	9883	0.0156	
760.95	9885	0.0168	
760.12	9888	0.0180	
759.29	9890	0.0192	
758.47	9893	0.0127	
757.64	9895	0.0127	
756.81	9898	0.0163	
755.98	9900	0.0199	
755.15	9903	0.0152	
754.32	9905	0.0164	
753.49	9908	0.0175	
752.66	9910	0.0175	
751.84	9913	0.0187	
751.00	9915	0.0125	
750.17	9918	0.0158	
749.34	9920	0.0191	
748.51	9923	0.0191	
747.67	9925	0.0152	
746.83	9928	0.0163	
745.99	9930	0.0175	
745.16	9933	0.0186	
744.32	9935	0.0119	
743.48	9938	0.0155	
742.64	9940	0.0155	
741.79	9943	0.0190	
740.95	9945	0.0182	
740.11	9948	0.0121	
739.27	9950	0.0152	
738.43	9953	0.0184	
737.59	9955	0.0184	
736.75	9958	0.0124	
735.91	9960	0.0156	
735.07	9963	0.0188	
734.23	9965	0.0179	
733.39	9968	0.0125	
732.55	9970	0.0125	
731.72	9973	0.0154	
730.88	9975	0.0182	
730.04	9978	0.0124	
729.21	9980	0.0157	
728.37	9983	0.0189	
727.54	9985	0.0189	
726.70	9988	0.0180	
725.87	9990	0.0124	
725.03	9993	0.0153	
724.20	9995	0.0183	
723.36	9998	0.0124	
722.52	10000	0.0124	
721.68	10003	0.0155	
720.85	10005	0.0186	
720.01	10008	0.0174	
719.18	10010	0.0120	
718.34	10013	0.0149	
717.51	10015	0.0149	
716.67	10018	0.0178	
715.84	10020	0.0122	
715.00	10023	0.0156	
714.16	10025	0.0189	
713.33	10028	0.0170	
712.50	10030	0.0119	
711.66	10033	0.0119	
710.82	10035	0.0148	
709.99	10038	0.0178	
709.16	10040	0.0118	
708.32	10043	0.0151	
707.49	10045	0.0183	
706.66	10048	0.0183	
705.83	10050	0.0168	
705.00	10053	0.0117	
704.17	10055	0.0146	
703.34	10058	0.0175	
702.51	10060	0.0175	
701.68	10063	0.0115	
700.85	10065	0.0147	
700.02	10068	0.0179	
699.19	10070	0.0165	
698.36	10073	0.0115	
697.53	10075	0.0115	
696.70	10078	0.0143	
695.87	10080	0.0172	
695.04	10083	0.0113	
694.21	10085	0.0144	
693.38	10088	0.0175	
692.55	10090	0.0175	
691.72	10093	0.0139	
690.89	10095	0.0149	
690.06	10098	0.0160	
689.23	10100	0.0171	
688.40	10103	0.0111	
687.57	10105	0.0111	
686.73	10108	0.0142	
685.90	10110	0.0173	
685.07	10113	0.0137	
684.24	10115	0.0148	
683.41	10118	0.0159	
682.59	10120	0.0159	
681.77	10123	0.0170	
680.94	10125	0.0110	
680.12	10128	0.0142	
679.30	10130	0.0174	
678.48	10133	0.0137	
677.65	10135	0.0137	
676.83	10138	0.0148	
676.00	10140	0.0158	
675.18	10143	0.0169	
674.35	10145	0.0110	
673.52	10148	0.0110	
672.70	10150	0.0141	
671.87	10153	0.0173	
671.04	10155	0.0138	
670.21	10158	0.0149	
669.38	10160	0.0159	
668.55	10163	0.0159	
667.72	10165	0.0169	
666.88	10168	0.0109	
666.05	10170	0.0141	
665.21	10173	0.0174	
664.38	10175	0.0135	
663.54	10178	0.0135	
662.70	10180	0.0145	
661.87	10183	0.0154	
661.03	10185	0.0164	
660.19	10188	0.0108	
659.35	10190	0.0139	
658.51	10193	0.0139	
657.66	10195	0.0170	
656.82	10198	0.0133	
655.98	10200	0.0143	
655.14	10203	0.0153	
654.30	10205	0.0163	
653.45	10208	0.0106	
652.61	10210	0.0106	
651.77	10213	0.0136	
650.92	10215	0.0167	
650.08	10218	0.0129	
649.23	10220	0.0139	
648.39	10223	0.0149	
647.54	10225	0.0149	
646.70	10228	0.0159	
645.86	10230	0.0100	
645.02	10233	0.0131	
644.18	10235	0.0163	
643.34	10238	0.0127	
642.49	10240	0.0137	
641.65	10243	0.0137	
640.81	10245	0.0147	
639.97	10248	0.0158	
639.13	10250	0.0097	
638.29	10253	0.0130	
637.45	10255	0.0163	
636.61	10258	0.0163	
635.77	10260	0.0125	
634.93	10263	0.0136	
634.09	10265	0.0146	
633.25	10268	0.0157	
632.41	10270	0.0095	
631.57	10273	0.0095	
630.74	10275	0.0128	
629.90	10278	0.0161	
629.07	10280	0.0125	
628.23	10283	0.0136	
627.40	10285	0.0147	
626.56	10288	0.0147	
625.72	10290	0.0158	
624.89	10293	0.0093	
624.05	10295	0.0127	
623.22	10298	0.0162	
622.38	10300	0.0125	
621.55	10303	0.0125	
620.71	10305	0.0136	
619.87	10308	0.0147	
619.04	10310	0.0158	
618.20	10313	0.0094	
617.37	10315	0.0127	
616.54	10318	0.0127	
615.70	10320	0.0159	
614.87	10323	0.0123	
614.03	10325	0.0133	
613.20	10328	0.0143	
612.37	10330	0.0153	
611.54	10333	0.0153	
610.70	10335	0.0096	
609.87	10338	0.0128	
609.04	10340	0.0159	
608.20	10343	0.0120	
607.37	10345	0.0129	
606.54	10348	0.0129	
605.71	10350	0.0140	
604.87	10353	0.0149	
604.04	10355	0.0093	
603.21	10358	0.0123	
602.38	10360	0.0153	
601.55	10363	0.0153	
600.72	10365	0.0120	
599.88	10368	0.0129	
599.05	10370	0.0138	
598.22	10373	0.0147	
597.39	10375	0.0094	
596.56	10378	0.0094	
595.73	10380	0.0122	
594.89	10383	0.0150	
594.06	10385	0.0116	
593.23	10388	0.0126	
592.40	10390	0.0135	
591.57	10393	0.0135	
590.73	10395	0.0145	
589.90	10398	0.0087	
589.07	10400	0.0117	
588.24	10403	0.0146	
587.41	10405	0.0114	
586.58	10408	0.0114	
585.74	10410	0.0124	
584.91	10413	0.0134	
584.08	10415	0.0144	
583.25	10418	0.0086	
582.41	10420	0.0116	
581.58	10423	0.0116	
580.75	10425	0.0145	
579.92	10428	0.0112	
579.09	10430	0.0123	
578.26	10433	0.0134	
577.43	10435	0.0145	
576.61	10438	0.0145	
575.78	10440	0.0082	
574.95	10443	0.0116	
574.13	10445	0.0149	
573.30	10448	0.0112	
572.48	10450	0.0122	
571.65	10453	0.0122	
570.82	10455	0.0133	
570.00	10458	0.0144	
569.17	10460	0.0081	
568.35	10463	0.0115	
567.52	10465	0.0115	
566.70	10468	0.0148	
565.87	10470	0.0109	
565.05	10473	0.0120	
564.22	10475	0.0130	
563.39	10478	0.0141	
562.57	10480	0.0141	
561.75	10483	0.0082	
560.92	10485	0.0115	
560.10	10488	0.0147	
559.27	10490	0.0107	
558.45	10493	0.0118	
557.62	10495	0.0118	
556.80	10498	0.0129	
555.98	10500	0.0140	
555.16	10503	0.0082	
554.34	10505	0.0112	
553.52	10508	0.0112	
552.69	10510	0.0143	
551.87	10513	0.0106	
551.05	10515	0.0115	
550.22	10518	0.0125	
549.40	10520	0.0134	
548.57	10523	0.0134	
547.75	10525	0.0080	
546.92	10528	0.0109	
546.09	10530	0.0139	
545.26	10533	0.0105	
544.43	10535	0.0114	
543.60	10538	0.0114	
542.77	10540	0.0124	
541.94	10543	0.0134	
541.11	10545	0.0080	
540.27	10548	0.0109	
539.44	10550	0.0138	
538.61	10553	0.0138	
537.78	10555	0.0103	
536.94	10558	0.0113	
536.12	10560	0.0123	
535.28	10563	0.0132	
534.45	10565	0.0077	
533.62	10568	0.0077	
532.79	10570	0.0106	
531.97	10573	0.0134	
531.14	10575	0.0101	
530.31	10578	0.0112	
529.48	10580	0.0122	
528.65	10583	0.0122	
527.82	10585	0.0132	
526.99	10588	0.0075	
526.16	10590	0.0105	
525.33	10593	0.0135	
524.50	10595	0.0099	
523.67	10598	0.0099	
522.83	10600	0.0117	
522.00	10603	0.0135	
521.18	10605	0.0125	
520.34	10608	0.0072	
519.51	10610	0.0072	
518.68	10613	0.0102	
517.86	10615	0.0133	
517.03	10618	0.0097	
516.19	10620	0.0116	
515.37	10623	0.0135	
514.54	10625	0.0135	
513.70	10628	0.0122	
512.88	10630	0.0067	
512.05	10633	0.0100	
511.21	10635	0.0134	
510.39	10638	0.0092	
509.56	10640	0.0092	
508.73	10643	0.0113	
507.90	10645	0.0134	
507.07	10648	0.0118	
506.24	10650	0.0070	
505.41	10653	0.0103	
504.58	10655	0.0103	
503.75	10658	0.0136	
502.93	10660	0.0093	
502.10	10663	0.0113	
501.27	10665	0.0133	
500.44	10668	0.0115	
499.61	10670	0.0115	
498.79	10673	0.0067	
497.96	10675	0.0099	
497.13	10678	0.0131	
496.30	10680	0.0090	
495.47	10683	0.0109	
494.65	10685	0.0109	
493.82	10688	0.0128	
492.99	10690	0.0114	
492.16	10693	0.0069	
491.34	10695	0.0099	
490.51	10698	0.0099	
489.68	10700	0.0129	
488.85	10703	0.0090	
488.02	10705	0.0108	
487.20	10708	0.0126	
486.37	10710	0.0092	
485.54	10713	0.0092	
484.72	10715	0.0101	
483.89	10718	0.0110	
483.06	10720	0.0120	
482.23	10723	0.0065	
481.40	10725	0.0095	
480.57	10728	0.0095	
479.74	10730	0.0124	
478.92	10733	0.0088	
478.09	10735	0.0098	
477.26	10738	0.0108	
476.43	10740	0.0118	
475.60	10743	0.0118	
474.77	10745	0.0062	
473.94	10748	0.0092	
473.11	10750	0.0122	
472.28	10753	0.0086	
471.45	10755	0.0097	
470.62	10758	0.0097	
469.79	10760	0.0107	
468.96	10763	0.0118	
468.13	10765	0.0060	
467.30	10768	0.0094	
466.48	10770	0.0127	
465.65	10773	0.0127	
464.82	10775	0.0084	
463.99	10778	0.0104	
463.16	10780	0.0123	
462.33	10783	0.0106	
461.50	10785	0.0106	
460.67	10788	0.0058	
459.85	10790	0.0092	
459.02	10793	0.0125	
458.19	10795	0.0082	
457.36	10798	0.0103	
456.53	10800	0.0103	
455.70	10803	0.0125	
454.88	10805	0.0104	
454.05	10808	0.0056	
453.22	10810	0.0091	
452.40	10813	0.0126	
451.57	10815	0.0126	
450.74	10818	0.0079	
449.92	10820	0.0101	
449.09	10823	0.0124	
448.27	10825	0.0101	
447.44	10828	0.0057	
446.62	10830	0.0057	
445.79	10833	0.0090	
444.97	10835	0.0123	
444.15	10838	0.0078	
443.32	10840	0.0099	
442.50	10843	0.0120	
441.68	10845	0.0120	
440.85	10848	0.0103	
440.03	10850	0.0057	
439.21	10853	0.0089	
438.38	10855	0.0121	
437.56	10858	0.0121	
436.74	10860	0.0080	
435.92	10863	0.0098	
435.09	10865	0.0117	
434.27	10868	0.0102	
433.45	10870	0.0055	
432.62	10873	0.0055	
431.80	10875	0.0086	
430.98	10878	0.0117	
430.16	10880	0.0080	
429.34	10883	0.0097	
428.51	10885	0.0097	
427.69	10888	0.0114	
426.87	10890	0.0102	
426.05	10893	0.0054	
425.23	10895	0.0081	
424.40	10898	0.0108	
423.58	10900	0.0108	
422.76	10903	0.0051	
421.94	10905	0.0082	
421.12	10908	0.0113	
420.30	10910	0.0098	
419.47	10913	0.0047	
418.65	10915	0.0047	
417.83	10918	0.0077	
417.01	10920	0.0106	
416.19	10923	0.0047	
415.36	10925	0.0080	
414.54	10928	0.0080	
413.72	10930	0.0114	
412.90	10933	0.0096	
412.08	10935	0.0047	
411.26	10938	0.0076	
410.44	10940	0.0105	
409.61	10943	0.0105	
408.79	10945	0.0045	
407.97	10948	0.0080	
407.15	10950	0.0114	
406.33	10953	0.0093	
405.50	10955	0.0093	
404.68	10958	0.0045	
403.86	10960	0.0114	
403.04	10963	0.0092	
402.21	10965	0.0043	
401.39	10968	0.0079	
400.57	10970	0.0079	
399.75	10973	0.0115	
398.92	10975	0.0066	
398.10	10978	0.0090	
397.27	10980	0.0114	
396.45	10983	0.0090	
395.63	10985	0.0090	
394.80	10988	0.0044	
393.98	10990	0.0073	
393.16	10993	0.0102	
392.33	10995	0.0043	
391.51	10998	0.0043	
390.69	11000	0.0077	
389.87	11003	0.0112	
389.05	11005	0.0090	
388.23	11008	0.0045	
387.41	11010	0.0073	
386.59	11013	0.0073	
385.77	11015	0.0101	
384.95	11018	0.0044	
384.13	11020	0.0077	
383.31	11023	0.0109	
382.49	11025	0.0088	
381.67	11028	0.0088	
380.85	11030	0.0043	
380.03	11033	0.0071	
379.22	11035	0.0100	
378.40	11038	0.0042	
377.58	11040	0.0042	
376.76	11043	0.0073	
375.94	11045	0.0104	
375.12	11048	0.0068	
374.31	11050	0.0078	
373.49	11053	0.0087	
372.67	11055	0.0087	
371.86	11058	0.0097	
371.04	11060	0.0041	
370.22	11063	0.0072	
369.41	11065	0.0102	
368.59	11068	0.0102	
367.77	11070	0.0064	
366.96	11073	0.0084	
366.14	11075	0.0104	
365.33	11078	0.0087	
364.51	11080	0.0087	
363.69	11083	0.0036	
362.87	11085	0.0064	
362.06	11088	0.0093	
361.24	11090	0.0035	
360.42	11093	0.0070	
359.61	11095	0.0070	
358.79	11098	0.0106	
357.98	11100	0.0083	
357.16	11103	0.0034	
356.34	11105	0.0064	
355.53	11108	0.0064	
354.72	11110	0.0094	
353.90	11113	0.0032	
353.08	11115	0.0069	
352.27	11118	0.0105	
351.45	11120	0.0056	
350.64	11123	0.0056	
349.82	11125	0.0068	
349.01	11128	0.0080	
348.19	11130	0.0092	
347.38	11133	0.0030	
346.57	11135	0.0030	
345.75	11138	0.0068	
344.94	11140	0.0105	
344.12	11143	0.0053	
343.31	11145	0.0079	
342.50	11148	0.0105	
341.69	11150	0.0105	
340.87	11153	0.0082	
340.06	11155	0.0030	
339.24	11158	0.0068	
338.43	11160	0.0105	
337.61	11163	0.0105	
336.80	11165	0.0056	
335.99	11168	0.0078	
335.17	11170	0.0101	
334.36	11173	0.0056	
333.54	11175	0.0056	
332.73	11178	0.0067	
331.92	11180	0.0078	
331.11	11183	0.0089	
330.29	11185	0.0030	
329.48	11188	0.0065	
328.67	11190	0.0065	
327.85	11193	0.0099	
327.04	11195	0.0055	
326.23	11198	0.0076	
325.42	11200	0.0097	
324.61	11203	0.0097	
323.80	11205	0.0079	
322.99	11208	0.0031	
322.18	11210	0.0063	
321.37	11213	0.0095	
320.56	11215	0.0095	
319.75	11218	0.0054	
318.94	11220	0.0075	
318.13	11223	0.0095	
317.33	11225	0.0054	
316.52	11228	0.0054	
315.71	11230	0.0065	
314.90	11233	0.0075	
314.09	11235	0.0086	
313.29	11238	0.0029	
312.48	11240	0.0062	
311.67	11243	0.0062	
310.86	11245	0.0095	
310.06	11248	0.0050	
309.25	11250	0.0072	
308.44	11253	0.0095	
307.64	11255	0.0095	
306.83	11258	0.0074	
306.02	11260	0.0025	
305.22	11263	0.0060	
304.41	11265	0.0096	
303.61	11268	0.0096	
302.80	11270	0.0050	
301.99	11273	0.0072	
301.19	11275	0.0095	
300.38	11278	0.0048	
299.58	11280	0.0048	
298.77	11283	0.0059	
297.97	11285	0.0071	
297.16	11288	0.0083	
296.36	11290	0.0023	
295.55	11293	0.0023	
294.75	11295	0.0060	
293.94	11298	0.0097	
293.14	11300	0.0047	
292.34	11303	0.0071	
291.53	11305	0.0071	
290.73	11308	0.0095	
289.92	11310	0.0069	
289.12	11313	0.0021	
288.32	11315	0.0057	
287.51	11318	0.0057	
286.71	11320	0.0094	
285.91	11323	0.0046	
285.10	11325	0.0067	
284.30	11328	0.0088	
283.50	11330	0.0088	
282.70	11333	0.0046	
281.89	11335	0.0067	
281.09	11338	0.0088	
280.29	11340	0.0070	
279.49	11343	0.0021	
278.69	11345	0.0021	
277.89	11348	0.0054	
277.09	11350	0.0087	
276.29	11353	0.0046	
275.49	11355	0.0067	
274.69	11358	0.0067	
273.89	11360	0.0088	
273.09	11363	0.0046	
272.29	11365	0.0066	
271.49	11368	0.0087	
270.69	11370	0.0087	
269.90	11373	0.0073	
269.10	11375	0.0020	
268.30	11378	0.0053	
267.50	11380	0.0053	
266.71	11383	0.0086	
265.91	11385	0.0047	
265.11	11388	0.0066	
264.32	11390	0.0085	
263.52	11393	0.0085	
262.73	11395	0.0045	
261.93	11398	0.0065	
261.14	11400	0.0084	
260.34	11403	0.0070	
259.55	11405	0.0070	
258.76	11408	0.0022	
257.96	11410	0.0054	
257.17	11413	0.0086	
256.38	11415	0.0042	
255.59	11418	0.0042	
254.80	11420	0.0064	
254.00	11423	0.0087	
253.21	11425	0.0040	
252.42	11428	0.0063	
251.63	11430	0.0063	
250.84	11433	0.0085	
250.05	11435	0.0065	
249.26	11438	0.0017	
248.48	11440	0.0046	
247.69	11443	0.0046	
246.90	11445	0.0074	
246.12	11448	0.0014	
245.33	11450	0.0050	
244.54	11453	0.0050	
243.75	11455	0.0087	
242.97	11458	0.0037	
242.18	11460	0.0062	
241.39	11463	0.0087	
240.60	11465	0.0087	
239.81	11468	0.0061	
239.02	11470	0.0014	
238.24	11473	0.0082	
237.44	11475	0.0060	
236.66	11478	0.0060	
235.86	11480	0.0011	
235.07	11483	0.0046	
234.28	11485	0.0080	
233.49	11488	0.0037	
232.70	11490	0.0037	
231.91	11493	0.0058	
231.11	11495	0.0080	
230.33	11498	0.0037	
229.53	11500	0.0037	
228.75	11503	0.0057	
227.96	11505	0.0077	
227.17	11508	0.0061	
226.38	11510	0.0011	
225.59	11513	0.0011	
224.81	11515	0.0077	
224.02	11518	0.0062	
223.24	11520	0.0014	
222.45	11523	0.0044	
221.67	11525	0.0044	
220.89	11528	0.0075	
220.11	11530	0.0037	
219.33	11533	0.0056	
218.55	11535	0.0056	
217.77	11538	0.0075	
217.00	11540	0.0038	
216.22	11543	0.0057	
215.45	11545	0.0076	
214.68	11548	0.0076	
213.91	11550	0.0062	
213.13	11553	0.0013	
212.37	11555	0.0075	
211.60	11558	0.0075	
210.83	11560	0.0060	
210.07	11563	0.0012	
209.31	11565	0.0044	
208.54	11568	0.0044	
207.78	11570	0.0077	
207.03	11573	0.0035	
206.27	11575	0.0056	
205.51	11578	0.0056	
204.76	11580	0.0077	
204.01	11583	0.0035	
203.25	11585	0.0056	
202.50	11588	0.0078	
201.75	11590	0.0078	
201.00	11593	0.0033	
200.25	11595	0.0054	
199.50	11598	0.0054	
198.76	11600	0.0076	
198.01	11603	0.0032	
197.27	11605	0.0054	
196.52	11608	0.0054	
195.78	11610	0.0075	
195.04	11613	0.0055	
194.31	11615	0.0008	
193.57	11618	0.0008	
192.83	11620	0.0075	
192.10	11623	0.0054	
191.36	11625	0.0005	
190.63	11628	0.0005	
189.90	11630	0.0072	
189.18	11633	0.0054	
188.45	11635	0.0006	
187.73	11638	0.0006	
187.00	11640	0.0071	
186.29	11643	0.0053	
185.57	11645	0.0053	
184.85	11648	0.0004	
184.14	11650	0.0071	
183.43	11653	0.0055	
182.72	11655	0.0055	
182.01	11658	0.0003	
181.30	11660	0.0069	
180.60	11663	0.0069	
179.90	11665	0.0053	
179.19	11668	0.0004	
178.50	11670	0.0067	
177.80	11673	0.0067	
177.11	11675	0.0054	
176.42	11678	0.0001	
175.73	11680	0.0001	
175.04	11683	0.0068	
174.36	11685	0.0029	
173.67	11688	0.0029	
172.99	11690	0.0049	
172.31	11693	0.0069	
171.64	11695	0.0069	
170.97	11698	0.0030	
170.30	11700	0.0050	
169.63	11703	0.0050	
168.96	11705	0.0069	
168.30	11708	0.0030	
167.64	11710	0.0030	
166.98	11713	0.0047	
166.32	11715	0.0063	
165.67	11718	0.0063	
165.02	11720	0.0004	
164.37	11723	0.0069	
163.72	11725	0.0069	
163.08	11728	0.0029	
162.43	11730	0.0049	
161.79	11733	0.0049	
161.16	11735	0.0068	
160.52	11738	0.0068	
159.89	11740	0.0029	
159.26	11743	0.0044	
158.63	11745	0.0044	
158.01	11748	0.0060	
157.39	11750	0.0005	
156.77	11753	0.0005	
156.15	11755	0.0069	
155.53	11758	0.0069	
154.92	11760	0.0027	
154.31	11763	0.0047	
153.70	11765	0.0047	
153.10	11768	0.0066	
152.50	11770	0.0026	
151.89	11773	0.0026	
151.29	11775	0.0065	
150.70	11778	0.0065	
150.11	11780	0.0024	
149.51	11783	0.0024	
148.92	11785	0.0043	
148.34	11788	0.0063	
147.75	11790	0.0063	
147.17	11793	0.0024	
146.59	11795	0.0024	
146.01	11798	0.0062	
145.44	11800	0.0024	
144.86	11803	0.0024	
144.29	11805	0.0039	
143.73	11808	0.0039	
143.16	11810	0.0054	
142.60	11813	0.0054	
142.04	11815	-0.0003	
141.48	11818	0.0059	
140.92	11820	0.0059	
140.37	11823	0.0023	
139.82	11825	0.0023	
139.27	11828	0.0060	
138.72	11830	0.0060	
138.18	11833	0.0024	
137.64	11835	0.0024	
137.10	11838	0.0029	
136.56	11840	0.0029	
136.02	11843	0.0035	
135.49	11845	0.0045	
134.96	11848	0.0045	
134.43	11850	0.0055	
133.90	11853	0.0055	
133.38	11855	-0.0004	
132.86	11858	-0.0004	
132.34	11860	0.0062	
131.82	11863	0.0062	
131.30	11865	0.0022	
130.79	11868	0.0022	
130.28	11870	0.0061	
129.78	11873	0.0061	
129.27	11875	0.0023	
128.77	11878	0.0023	
128.26	11880	0.0063	
127.76	11883	0.0063	
127.27	11885	0.0023	
126.77	11888	0.0023	
126.28	11890	0.0061	
125.78	11893	0.0061	
125.30	11895	0.0024	
124.81	11898	0.0024	
124.33	11900	0.0060	
123.84	11903	0.0060	
123.36	11905	0.0022	
122.89	11908	0.0022	
122.41	11910	0.0059	
121.94	11913	0.0059	
121.46	11915	0.0022	
120.99	11918	0.0022	
120.52	11920	0.0022	
120.06	11923	0.0057	
119.60	11925	0.0057	
119.13	11928	0.0022	
118.68	11930	0.0022	
118.21	11933	0.0056	
117.76	11935	0.0056	
117.31	11938	0.0022	
116.86	11940	0.0022	
116.41	11943	0.0057	
115.96	11945	0.0057	
115.51	11948	0.0057	
115.07	11950	0.0020	
114.63	11953	0.0020	
114.19	11955	0.0055	
113.75	11958	0.0055	
113.31	11960	0.0019	
112.88	11963	0.0019	
112.45	11965	0.0030	
112.02	11968	0.0030	
111.59	11970	0.0030	
111.16	11973	0.0030	
110.74	11975	0.0030	
110.32	11978	0.0029	
109.90	11980	0.0029	
109.48	11983	0.0054	
109.06	11985	0.0054	
108.65	11988	0.0054	
108.24	11990	0.0018	
107.82	11993	0.0018	
107.42	11995	0.0056	
107.01	11998	0.0056	
106.60	12000	0.0056	
106.20	12003	0.0018	
105.80	12005	0.0018	
105.40	12008	0.0031	
105.00	12010	0.0031	
104.61	12013	0.0031	
104.21	12015	0.0056	
103.82	12018	0.0056	
103.43	12020	0.0018	
103.04	12023	0.0018	
102.65	12025	0.0018	
102.27	12028	0.0049	
101.89	12030	0.0049	
101.50	12033	0.0049	
101.12	12035	-0.0009	
100.74	12038	-0.0009	
100.37	12040	0.0032	
99.99	12043	0.0032	
99.62	12045	0.0032	
99.25	12048	0.0055	
98.88	12050	0.0055	
98.51	12053	0.0055	
98.14	12055	0.0019	
97.78	12058	0.0019	
97.42	12060	0.0030	
97.06	12063	0.0030	
96.70	12065	0.0030	
96.34	12068	0.0054	
95.98	12070	0.0054	
95.63	12073	0.0054	
95.28	12075	0.0018	
94.92	12078	0.0018	
94.58	12080	0.0018	
94.23	12083	0.0021	
93.88	12085	0.0021	
93.54	12088	0.0021	
93.19	12090	0.0043	
92.85	12093	0.0043	
92.51	12095	0.0043	
92.18	12098	0.0009	
91.84	12100	0.0009	
91.50	12103	0.0009	
91.17	12105	0.0018	
90.84	12108	0.0018	
90.51	12110	0.0018	
90.18	12113	0.0016	
89.85	12115	0.0016	
89.53	12118	0.0016	
89.21	12120	0.0036	
88.88	12123	0.0036	
88.56	12125	0.0036	
88.24	12128	0.0003	
87.92	12130	0.0003	
87.61	12133	0.0003	
87.29	12135	-0.0001	
